0.5007966756820679 -0.6008230447769165 -0.027464333921670914 -0.4642121332525798 -0.5882583724673144 0.6163743620723939 -0.24195418645488453 
0.5259565114974976 -0.5762224197387695 -0.05256091058254242 0.28817778141748157 0.2885354282574692 0.8665298425345445 0.2877966381572845 
0.5169840455055237 -0.5520614385604858 -0.06212962791323662 -0.119272346694421 0.4437958545209769 0.7696016335738869 0.44332005642019684 
0.5394938588142395 -0.5732278823852539 -0.08442849665880203 0.235841343372966 -0.03553511557984947 0.7791579463984313 0.5796800935696697 
0.5146721601486206 -0.5982896089553833 -0.059688154608011246 0.46857779134381167 -0.3395498942726518 0.8140888523657548 0.04899044001225815 
0.5399044752120972 -0.5733615159988403 -0.03447617590427399 -0.01909440768424057 -0.507743460940745 0.7947409920709083 0.33199207368437367 
0.5651365518569946 -0.5982682108879089 -0.059607360512018204 0.28046312278105445 -0.5864395456619377 0.7535432377406691 -0.09798818754844256 
0.5898265242576599 -0.6236063241958618 -0.03503323718905449 0.4892137118226211 -0.05423804072115434 0.7856645731814421 -0.37477907832626717 
0.615136981010437 -0.5983302593231201 -0.0585019588470459 -0.007892346062405601 -0.3944634248793885 0.9145559473365992 0.08901537225283146 
0.5702230930328369 -0.5246838331222534 -0.04159988462924957 -0.3135587070951202 0.06564936973965951 0.8745208788629616 0.3641213120518705 
0.5954391360282898 -0.5499476790428162 -0.0667702928185463 0.1268761753791029 0.3292525326773339 0.7997368063367587 0.4857121024197502 
0.5000650882720947 -0.5108729600906372 -0.04292161762714386 -0.2219055357422109 -0.1017209224091386 0.7729449991457484 0.5856336870832956 
0.5266019105911255 -0.4859415888786316 -0.039238616824150085 -0.4363167596536572 -0.37222253925772986 0.8183582285342245 0.0369848118041254 
0.5519270300865173 -0.46120330691337585 -0.014268104918301105 0.03875211198378876 -0.5222806293738096 0.7878515428900088 0.32405426144941496 
0.5525744557380676 -0.47550731897354126 -0.030566953122615814 -0.2434807633051795 -0.5391623783689855 0.6793193668608845 0.4342191214807947 
0.5784887671470642 -0.4489496350288391 -0.03489279747009277 -0.42255214851487716 -0.5983341756870213 0.6793306628996403 -0.044223822027607024 
0.603629469871521 -0.47417283058166504 -0.059811413288116455 0.04635666501788472 -0.6550052976155839 0.7026767994692033 0.2739788955223692 
0.5679585933685303 -0.4757547080516815 -0.05802508443593979 -0.2397750070163417 -0.6100370208809035 0.6352465460937603 0.40844167862867947 
0.5931816697120667 -0.5007437467575073 -0.03311164677143097 0.18512521026651957 -0.08257146278408925 0.7762701401596189 0.5969215020034363 
0.547275960445404 -0.5424440503120422 -0.022772718220949173 0.4938783367615565 0.30075178203780484 0.19930462463745663 0.7911448797008331 
0.5730448961257935 -0.5675637125968933 0.007641209289431572 -0.012576981977581093 0.726846709450253 0.6399550881919497 0.2489842677417777 
0.5215673446655273 -0.5167532563209534 -0.002831741701811552 -0.34676335900309196 0.1545008392134565 0.7724930546529529 0.509057112756693 
0.44486063718795776 -0.5081461668014526 0.07257374376058578 -0.605004106483972 -0.24483640344990304 0.20511944816457353 0.7293498328428601 
0.4868387281894684 -0.5022910237312317 0.10802572220563889 -0.7285976456538711 -0.4901670087153768 0.45364456885499205 0.15194860796672083 
0.5279796719551086 -0.5541747808456421 0.11641881614923477 -0.16113624329770998 -0.5689475250360981 0.6650502426771158 0.456116212786072 
0.5589450597763062 -0.5404965877532959 0.08149179071187973 0.1774274769436521 -0.5740586062222839 0.6179372082543723 0.5070796916682143 
0.5902367234230042 -0.5804221630096436 0.03578434884548187 0.4108079544119053 -0.04817489884460122 0.6751300316149433 0.6108317641747392 
0.5350794196128845 -0.5000941753387451 0.041023075580596924 -0.05204149034342744 -0.32922247318883935 0.6836044654362813 0.6492989921953021 
0.5209407210350037 -0.4659156799316406 0.07149770855903625 -0.2760632401173369 -0.43597826114064364 0.6283053168210153 0.5821893782294058 
0.538814127445221 -0.49997949600219727 0.09925439953804016 -0.4712395366233302 -0.5843877370994512 0.08170547685494102 0.6555520474399563 
0.527295708656311 -0.528438925743103 0.13783125579357147 -0.49943594054121027 -0.5596847338438109 0.29623043949329925 0.5912396017821422 
0.5135889053344727 -0.5505293607711792 0.12824015319347382 -0.5056376079127384 -0.5415723957308838 0.395387226526362 0.5428617602542901 
0.5217459797859192 -0.5206119418144226 0.0993623211979866 -0.004725036765788273 -0.6139023243738901 0.5149977543146778 0.5982298247385662 
0.6079649925231934 -0.6113163828849792 0.11044398695230484 0.31042933523155225 -0.7040825082655194 0.6363008300388588 0.054979114890026826 
0.6372227072715759 -0.594991147518158 0.12910039722919464 0.4201557246441813 -0.6266366969410918 0.5790749860409814 0.3089786038500378 
0.6657639145851135 -0.629051923751831 0.09039832651615143 0.5615248230524875 -0.08049314435596304 0.6575934919317655 0.49576357891292266 
0.6893181204795837 -0.6984718441963196 0.11139430850744247 0.04747910665702606 -0.45643145581504735 0.88848388894184 -0.003526990840810505 
0.5926486253738403 -0.5964325666427612 0.10327398031949997 -0.2982848913098187 0.02242385258239655 0.8916068303747796 0.3399419869340819 
0.6157513856887817 -0.5779027938842773 0.07101375609636307 0.1462794698069761 -0.2822369936998078 0.824120874956648 0.4687956693069742 
0.6504678130149841 -0.5695252418518066 0.045572634786367416 -0.25456258796202 0.14992255458924447 0.9550616342988956 -0.024049763529740316 
0.5531905889511108 -0.5687227249145508 0.08631587028503418 -0.43485162024905966 -0.20864438923201806 0.8314536515804524 0.27578327085285176 
0.5030595064163208 -0.5432760119438171 0.06798484176397324 -0.4726364827273761 -0.3777711000565498 0.6940445950279613 0.3901356831534797 
0.4969587028026581 -0.5649304986000061 0.10233331471681595 -0.4878364643563521 -0.4504862662918053 0.6013397111162743 0.4443740088724343 
0.5080904960632324 -0.5457376837730408 0.12983135879039764 -0.49385789029360594 -0.4845379390228729 0.5501272727289803 0.4676401967773829 
0.517822265625 -0.5655206441879272 0.10115591436624527 0.0034927307435385258 -0.5744882247756332 0.6024049197698222 0.5541294010095554 
0.5061822533607483 -0.5783510804176331 0.12973839044570923 -0.2567984501110688 -0.5613968182410753 0.5712552999347869 0.5408840456010574 
0.4997768700122833 -0.5759519338607788 0.13948895037174225 0.13209319080104853 -0.582481885509665 0.5791368191621785 0.5548574471770362 
0.534984827041626 -0.5649606585502625 0.15015745162963867 0.32124602584346973 -0.5544970789477979 0.5468477111515787 0.5387871204162326 
0.5463172197341919 -0.677815318107605 0.09972062706947327 0.6167411789841323 -0.04634253286012768 0.7853011367385639 0.02801450393082044 
0.5911601781845093 -0.694555938243866 0.05651075020432472 0.08854672953964728 0.2857371545594213 0.8708464891815466 0.39005146772226396 
0.5924699306488037 -0.7134199142456055 0.09978431463241577 -0.6838458706667739 -0.38120485563157935 0.6023268398256575 -0.15569220032020095 
0.45497676730155945 -0.6083955764770508 0.14949098229408264 -0.7148134183129266 0.061889550009154415 0.6648587851674053 0.20778415816701631 
0.4716031849384308 -0.5932192802429199 0.17987202107906342 -0.6386862344829614 -0.2568668356497686 0.6303293179296945 0.35886525825654475 
0.4211752116680145 -0.5993915796279907 0.2398230880498886 -0.6235223618357103 0.12521648366778645 0.6140102954819211 0.46747412072851313 
0.4129927456378937 -0.622049868106842 0.2397678941488266 -0.5851762226770891 0.302358425931236 0.571458232513067 0.48947283803577957 
0.4830220937728882 -0.6874288320541382 0.22679807245731354 -0.7372182664915169 -0.14657203401557964 0.04636306759927633 0.657933379878665 
0.4833480715751648 -0.6571813821792603 0.21943311393260956 -0.6499170412968023 -0.33927044749143 0.30088011910954143 0.6098971690503275 
0.46320754289627075 -0.6131131052970886 0.24057351052761078 -0.09718750618913109 -0.5282041321046159 0.4892138468278496 0.6871861432976107 
0.44039085507392883 -0.6511051654815674 0.20984411239624023 -0.311087197556554 -0.5354224923973152 0.5062717643706007 0.6001969766272867 
0.44587060809135437 -0.6733651757240295 0.23546144366264343 0.12216197058843749 -0.683401135788639 0.0013419871862998564 0.7197482473859451 
0.48168015480041504 -0.6539034843444824 0.2079351842403412 0.4195395691865664 -0.12842633101513592 0.3360033170671761 0.8334236607563981 
0.45225074887275696 -0.5927639007568359 0.20691503584384918 -0.04628934406717106 -0.36812390227183456 0.4940764484185626 0.7862763841805802 
0.5140011310577393 -0.6290609836578369 0.20041152834892273 0.27822744696019724 0.0846503919183617 0.5969855632103765 0.7476844496339804 
0.5482332110404968 -0.6098887324333191 0.1706225872039795 0.4051595857977187 -0.2332788895397014 0.5793976895374449 0.6676263828594671 
0.5186237692832947 -0.6188199520111084 0.15025104582309723 0.459592092168012 -0.37168917959961173 0.547745436699651 0.5921124886032263 
0.5082882046699524 -0.6088509559631348 0.11441879719495773 -0.024009309848786194 0.08764856163763116 0.6945828710019246 0.7136497165936263 
0.4618047773838043 -0.5642626285552979 0.11542539298534393 -0.28758955729336744 -0.22651903491758213 0.6518902150762004 0.664093759076019 
0.4923924505710602 -0.5884625315666199 0.13314156234264374 0.12741768149207017 -0.40129775451433847 0.6500439569051352 0.6325880972291922 
0.46833446621894836 -0.5642746090888977 0.09811367094516754 -0.1964528407959711 -0.4777570367167444 0.6123239311915645 0.5985097313335319 
0.5171970129013062 -0.6240939497947693 0.10308706015348434 0.19222584130520184 0.012011774174785418 0.7011863896176118 0.6864711139084441 
0.5377588868141174 -0.5879850387573242 0.08229324221611023 0.3618485302146968 -0.2637714937612203 0.6323357665818675 0.6321722222320119 
0.49798253178596497 -0.5549992918968201 0.07942108809947968 -0.07600595236451013 -0.42754100779476206 0.6400760297822142 0.6338252582196777 
0.5791530609130859 -0.6438149809837341 0.033586736768484116 0.2807580841169305 -0.5992530908459784 0.7465346544182866 0.06896840629666381 
0.562483549118042 -0.6288321018218994 0.00251269293949008 0.4052354891312587 -0.5722175924183943 0.6391536964017984 0.315964836099468 
0.6544483304023743 -0.7014338374137878 -0.041449256241321564 -0.05979760116467698 -0.6807272636737556 0.7211855821494011 -0.11369254806723735 
0.5908322930335999 -0.677954375743866 0.010804213583469391 -0.3082791668068302 -0.6396422400165472 0.6653325507610239 0.23055228690544394 
0.6583236455917358 -0.7173670530319214 -0.015305464155972004 -0.4284046068733904 -0.6249001673327442 0.6299576182196874 -0.17065366367043755 
0.48582521080970764 -0.5885142087936401 0.04403296113014221 -0.6199834359449652 -0.07586607078750578 0.7463157111904223 0.22995159857560213 
0.5184878706932068 -0.6200681328773499 0.014098391868174076 -0.04400638938071413 -0.38461059526630514 0.8172382045841285 0.4269190141826447 
0.4973486065864563 -0.546648383140564 0.014899143949151039 -0.3198076652756493 0.06765430035145421 0.7720846884926287 0.5450056758146047 
0.5147019028663635 -0.5607345700263977 -0.005383143667131662 0.11765091114193463 -0.2451709553694656 0.7514664838215118 0.6011219422410313 
0.5313166975975037 -0.5265622138977051 -0.025141043588519096 0.3220596513126404 -0.38568303309794055 0.6518048812043941 0.5680462796417903 
0.5586535930633545 -0.5017843246459961 -0.0025326574686914682 0.4155145613301388 -0.4463714855387669 0.5836866831823289 0.5361063346913079 
0.6254216432571411 -0.5773935914039612 -0.07024611532688141 0.5367074312150615 -0.5544999875796035 0.6356465083648466 0.020698151036480632 
0.6167271137237549 -0.562701404094696 -0.06352197378873825 0.5415907064648763 -0.545528948153014 0.573596342706393 0.28295743325064376 
0.7113326787948608 -0.5696946382522583 -0.09241762012243271 0.03244277418892934 -0.038348529141361644 0.975234179808632 -0.21539533710970843 
0.7514556646347046 -0.5678958296775818 -0.11443983763456345 0.30380643710812827 -0.3155442530772156 0.8824867689028003 0.17132009757498548 
0.7129535675048828 -0.4934614300727844 -0.09144939482212067 0.41869100959590744 -0.4258448657462866 0.7194427279593807 0.3546211358442297 
0.7008447051048279 -0.44208115339279175 -0.039473406970500946 0.46703149272872924 -0.4635912630204017 0.6298744081307072 0.41258084738959333 
0.6314746141433716 -0.42234933376312256 0.01897241920232773 -0.017967781717844918 -0.5508127312807353 0.6586615334149885 0.512296279782132 
0.7034262418746948 -0.45552438497543335 -0.01657027192413807 -0.2979585376368001 -0.6348901999204896 0.7126552690995143 -0.016050274731587738 
0.6175457835197449 -0.46338480710983276 -0.0016568438149988651 -0.4246783732920964 -0.5897020124523044 0.6346329286973121 0.26294649946472665 
0.5554056167602539 -0.4828537404537201 0.03402203693985939 -0.4552196877534839 -0.5658508639633003 0.5813260795267337 0.3669438988397069 
0.5443127155303955 -0.5162590146064758 0.0005643103504553437 0.030509716220936556 -0.6148263415071089 0.6201753115515006 0.48625128272026313 
0.599726676940918 -0.5524107813835144 0.01915649138391018 -0.38635844973220246 -0.0933418640479225 0.9175798187930885 -0.007856263757735552 
0.5523342490196228 -0.5038003921508789 0.019352605566382408 -0.48603316487853987 -0.3200109521341773 0.7669110107958256 0.27057763150795056 
0.5898252725601196 -0.5418660640716553 0.01674724742770195 -0.5280201202833977 -0.4563811828936657 0.702755031735585 -0.1380084557076185 
0.5055217742919922 -0.4695720076560974 0.03755229711532593 -0.6388159097338297 0.03777992348877812 0.7325916808595718 0.23194038024343422 
0.5822044014930725 -0.46324771642684937 0.034684985876083374 -0.07649546842290413 -0.3345174783765068 0.9165726246247646 -0.20528303329757783 
0.6001108288764954 -0.4447735846042633 0.01307764369994402 -0.5380851216218303 -0.7099746454820685 0.36240613334356375 0.27397481485859 
