0.5074632707238197 -0.4731725482642651 -0.03875768344325479 -0.0397991692692415 -0.32482537821792484 0.7265400004371856 0.2111039613700435 
0.3583470150828362 -0.3776275067031383 -0.027205771999433637 -0.01786861042553509 -0.10618824532370802 0.5800092964322813 0.07897628850450299 
0.3641473880410194 -0.3686280469596386 -0.02795068468200043 0.008986476711897727 -0.12654295729304718 0.5427533230783289 0.14483227419483688 
0.36324735850095746 -0.36130653113126754 -0.03028996503817325 0.023252482545905635 -0.11688128680046644 0.527192790694142 0.18143221727451503 
0.36374198108911515 -0.3596476734429598 -0.02715774984797463 0.012772005047060457 -0.1590848319206581 0.5240952432846445 0.19605548556306618 
0.36249963581562045 -0.35251621760427954 -0.027185417147993576 0.01574973292889176 -0.19133905340487378 0.4933025500481561 0.2011662432969425 
0.3644720757007599 -0.3491976620256901 -0.028904887565004173 0.05933765375817161 -0.2173591437367817 0.4736992935095812 0.18893962492008068 
0.3637686061859131 -0.34227223359048364 -0.026297682325239293 0.01945885771298742 -0.19867243439976306 0.4903779272441344 0.22694454854491686 
0.3661875161528587 -0.3375315772742033 -0.023883635955717183 0.01410289753090563 -0.20785350576738465 0.48863296029108505 0.20500954729289136 
0.3677557057142258 -0.3301958838105202 -0.026060020650220395 0.009328701127984704 -0.16843834040056577 0.5029595624209826 0.14384152485892743 
0.35748895511031153 -0.32095268577337266 -0.026751044021802953 0.010455127957415886 -0.20490693381625857 0.48296065406629896 0.13855911854442776 
0.3462200240790844 -0.30813708700239656 -0.02141382880625315 -0.012427147893041566 -0.18747692047396886 0.45597858684040493 0.17925881892414666 
0.3421632148325443 -0.2963352753221989 -0.01968595706959604 -0.023291013719623974 -0.17882654118883973 0.4624547185524333 0.1830539509713351 
0.34586734682321546 -0.29522922687232495 -0.021246072051580994 -0.02149991189608862 -0.21467512309096906 0.4632950891190222 0.17066790176100016 
0.3492668095231056 -0.29199340627063064 -0.023997002515243365 -0.011043606716535504 -0.2163475491670076 0.4638669647277961 0.16260605496889993 
0.34736924529075625 -0.28258193222805855 -0.023802593298314606 -0.016444093087176818 -0.23169670203078385 0.456954255705424 0.1841602018627974 
0.3476601006090641 -0.2802187341451645 -0.027148138355114496 -0.0026489122980845824 -0.23079271961455564 0.45918765378402876 0.17269892526113056 
0.3470149502158165 -0.27629727717489005 -0.02833305262727663 -0.01182164337321203 -0.23173746937034997 0.4660721941921886 0.18828308155478057 
0.3485588389635086 -0.2773228719085455 -0.028119025462074204 0.02116972514855869 -0.20854201964446048 0.4658623222303654 0.16882877827118656 
0.342873610407114 -0.2719225424155593 -0.025643330598250032 -0.036017811556990416 -0.21783030088127997 0.44458019337712096 0.17203568722302012 
0.34355320036411285 -0.27291452802717686 -0.026916933667380363 -0.025394081625528572 -0.18601924767503775 0.46520073425164876 0.15611930789732148 
0.3415181827545166 -0.2668212809041142 -0.028348195392172783 -0.03850853281914264 -0.17874450044082074 0.4669184511049243 0.17675498456854463 
0.3426221549510956 -0.26159586519934236 -0.02598800307372585 -0.026779415682074745 -0.1645197154239196 0.46111453774955324 0.1631674429352514 
0.34323826402425767 -0.2603447894193232 -0.023241389922332018 -0.03972704795357601 -0.1623643553311601 0.45300417538087095 0.18254625669464683 
0.3491091363132 -0.2621371944621205 -0.0255679392683669 0.03961035655152641 -0.17591205988254707 0.4535764331476977 0.1774856281686847 
0.3497530594468117 -0.2624350480735302 -0.028373293228214608 0.008206113463923111 -0.18311201347843983 0.4327933189416145 0.1927320688168988 
0.3470326910912991 -0.2602453773468733 -0.02984586182865314 0.039831287922294865 -0.20648141823071714 0.4274778264188513 0.18336554340081548 
0.3462250266969204 -0.25417236737906934 -0.031433506960747766 0.0391619483579992 -0.20744426280514014 0.44337787191350087 0.1787649042724775 
0.34890753000974656 -0.2534468349069357 -0.0333939573582029 0.04413482578175995 -0.23956209096449274 0.4488473864376668 0.1665897720049341 
0.34253610655665395 -0.248812787309289 -0.03250895846139429 0.02579691565364168 -0.2456174795505324 0.42279979008480617 0.16144572510324406 
0.34638739854097367 -0.24779451958835125 -0.03361721995519474 0.02543081268297729 -0.24002303999539393 0.42336090050930075 0.15243970640393611 
0.3454999853670597 -0.24429984122514725 -0.030908476055774372 0.03459067162750382 -0.23490232795806817 0.4134925272436451 0.19222936993305267 
0.3444801840186119 -0.23898709498345852 -0.03208534917444922 0.011149272211980978 -0.22887578522090807 0.42846033230807107 0.17161146919658346 
0.3370146334171295 -0.23261118344962597 -0.0333311556224362 0.019329675965443608 -0.1967040055687586 0.42886241084280075 0.15028931446230617 
0.33843817114830016 -0.23072564199566842 -0.03650140196550637 0.004695894760729919 -0.20381814290048247 0.4409496602810317 0.12609305075249644 
0.3420653872191906 -0.2322638802975416 -0.03927146187750623 0.011320644112182325 -0.15208510510510626 0.43678453445400967 0.17245788412335805 
0.3460740402340889 -0.23605867803096772 -0.035381315620616076 0.0038862402864289058 -0.15395919147152362 0.44896104238914697 0.13912323091661563 
0.3482898940145969 -0.2309922356903553 -0.034336691403295844 0.02854075533180575 -0.17840370603812986 0.446135288951504 0.1570292101971376 
0.34603178322315215 -0.22698969297111035 -0.03650459601311013 0.04819512834824453 -0.18977794018587177 0.44130392619015457 0.1635900157648151 
0.3437760743498802 -0.2243534491956234 -0.03488028760999441 0.014680626817018405 -0.18519627415198062 0.44323161641051334 0.1554154317174085 
0.33665567591786383 -0.22414523903280498 -0.033486786173889414 0.005095502643747431 -0.18350939977981295 0.43334212465295235 0.14940156757244555 
0.3291732694208622 -0.21932159576565027 -0.037524000427802094 -0.020406314931617694 -0.1301717843762126 0.4208166379973182 0.15453938086230187 
0.32819584280252456 -0.2207214420288801 -0.037673400244675574 0.001298338540279651 -0.13778093394866622 0.42071748353127114 0.15339628561206356 
0.32670047983527184 -0.21966875188052654 -0.03234491619979963 -0.010919949364788956 -0.13764562664465946 0.43060392282879595 0.16350023749543421 
0.32917929425835607 -0.21986326426267624 -0.03332278693931585 -0.008285444576933676 -0.12499492700426935 0.4228358889902973 0.1335117574654665 
0.3241645351052284 -0.2146318719536066 -0.0302736389124766 -3.3343206940040505e-05 -0.16621171249614672 0.4172237625409877 0.16645462595980615 
0.316665198802948 -0.21076116748154164 -0.029769723321078346 0.01144289107533624 -0.16979044628061377 0.41393208677874765 0.15713998663285877 
0.31523037418723104 -0.2068626821041107 -0.030605758867459372 0.009571081404882147 -0.18434489800969525 0.41850092325985744 0.14844670503705173 
0.3070376014709473 -0.20259174421429635 -0.029950620088493453 -0.012081193462977606 -0.14295299026794686 0.4103127794005974 0.1789811490631481 
0.29663105472922324 -0.19278822660446168 -0.028058483663480727 -0.030140037277663394 -0.1697028854572646 0.402137223782861 0.15911804119916004 
0.29820420369505884 -0.1940700625628233 -0.028062081187963484 -0.01927026269486346 -0.19324491064567018 0.39726807170008244 0.1439030639680662 
0.293562678694725 -0.18613713055849077 -0.03150349091272801 -0.032877670681166274 -0.1518889285815766 0.39228029132064124 0.16481348349744004 
0.2934824249148369 -0.18437223821878435 -0.027018526238389313 -0.04055848235237705 -0.15691409312925908 0.3817950021160824 0.16286019907076552 
0.2956329794228077 -0.18069591194391252 -0.023402497125789522 -0.03798849233286866 -0.15348370727801672 0.38839899514436277 0.1489520044745391 
0.29615184605121614 -0.18075646519660948 -0.02199475576111581 -0.06096396179138897 -0.13673255256869885 0.38220439169139964 0.1603087504950688 
0.2927970799803734 -0.17665642276406288 -0.0211659757909365 -0.047036597031495306 -0.14472693242583817 0.3714408147301125 0.16397138357812083 
0.28675059244036677 -0.17354895301163198 -0.02231912331015337 -0.029539304818751923 -0.17186570390927355 0.3636178000575761 0.13627618052548462 
0.28537377700209615 -0.16975535780191423 -0.020683641862124204 -0.036424935942066784 -0.1561982474587265 0.3611588036743264 0.15954396759586018 
0.29058667525649073 -0.16993551395833492 -0.021318865663488396 0.008521577781434213 -0.1515762144620153 0.3872027501800484 0.15949446224321018 
0.2898853926360607 -0.17098551124334335 -0.021149194218451156 -0.008340742374751096 -0.1437967330186135 0.3791020210062562 0.14280138081611973 
0.28793113082647326 -0.16769007362425328 -0.020163031831034458 0.012923436534079654 -0.18367070105133063 0.3755501578689232 0.12207164119664167 
0.2893234281241894 -0.16603925216943025 -0.0197102825253387 0.027932958534016592 -0.13225307230061856 0.38142493807581057 0.1476343099514086 
0.2909183095395565 -0.16413379047065974 -0.015682795144384726 0.022652970575216057 -0.12155670953772553 0.38725069244109883 0.10740548662952885 
0.29451931118965147 -0.16266660168301314 -0.016305366246961057 0.007555567248775734 -0.1285244136858823 0.3901205591799178 0.0968003473558706 
0.29128072410821915 -0.15919162794947625 -0.018908113276120277 -0.021400779394728776 -0.146197682079036 0.3745066102740972 0.09721706372451859 
0.29016966983675957 -0.1570535464119166 -0.016931242574937642 -0.006680290548211893 -0.1274409352111049 0.35800410924935244 0.1072404113019024 
0.2866404450684786 -0.15598295414820312 -0.015816201479174195 -0.02657624252741478 -0.1251268406372477 0.36544773199764025 0.1428432521197835 
0.28811547726392744 -0.1557634188234806 -0.01798965152236633 -0.05087271538874631 -0.16399598291542225 0.3644651273348208 0.11224717185723698 
0.28758291855454443 -0.15103204843588172 -0.01495580788650841 0.003704034383486473 -0.16696102400627857 0.3597998245478719 0.15160607209477245 
0.28578228011727336 -0.14838189778849484 -0.009622123175067826 0.017050670240159403 -0.131614357679278 0.3605415492953555 0.13410950213055298 
0.2888199052214622 -0.14724515162408353 -0.01294450574205257 0.004144632766488011 -0.1483167776855872 0.35720271180499763 0.13230075862214746 
0.2835876977443695 -0.14790385976433754 -0.010857150091324002 -0.03999659874930368 -0.14798316562030184 0.36204139520534 0.10046133313412511 
0.2869828075170517 -0.1483963789459085 -0.014150614475365728 -0.014961967068755563 -0.158041447101016 0.37170632194245257 0.11804825194273479 
0.28532589599490166 -0.14538007479161025 -0.01498023905151058 -0.04090151912204472 -0.16905497017933713 0.3519400662986349 0.15191775580129027 
0.2801456974446774 -0.14117005731910467 -0.013319648356700782 -0.04109928091424354 -0.15499735125776629 0.3492383029081891 0.11413072864146379 
0.27827428579330443 -0.14189216013997794 -0.013733539371169173 -0.006645566302220848 -0.1546788105322665 0.3632964002953139 0.11477389617655723 
0.27973487094044686 -0.14237613467499613 -0.01502905048429966 0.00921385551907787 -0.12918386531384093 0.3614236169497476 0.08914174514253678 
0.27728371128439905 -0.14083817522972822 -0.012044810657971538 -0.03206464471400487 -0.11509116452000218 0.3518978271833418 0.10720567451052665 
0.27294109255075455 -0.14047456465661526 -0.010734631291707047 -0.04527444347837612 -0.13011480041513301 0.3386591319900026 0.12090414014951625 
0.27651393070816993 -0.13829884722828864 -0.011224383280496113 -0.018050662113498803 -0.14078438504203986 0.34356201337038117 0.12257085181580667 
0.2724748090654612 -0.1414068627357483 -0.011327211202587933 -0.018627153695061575 -0.1266939935758182 0.33820505137993473 0.1787461155297471 
0.26966368466615676 -0.13912432287819684 -0.009923134790733456 -0.030486808804159438 -0.15974889907379441 0.3266738830602975 0.16596006843768588 
0.26708623506128787 -0.14197719395160674 -0.011179781928076409 -0.02439008076240277 -0.15396178247342576 0.3335165334168852 0.165951708340071 
0.26408797323703764 -0.1403782981261611 -0.010066091147309634 0.003957883442002497 -0.14140123931005744 0.3267248136483997 0.15115102213210715 
0.26490280240774156 -0.1374437825754285 -0.009578254241969262 -0.0011278014098730542 -0.1372561184767406 0.3296899390308634 0.12458539365393449 
0.269319010451436 -0.13944258987903596 -0.012054970997851341 0.01654994173152307 -0.14197014756261025 0.346245037461768 0.0987364862324296 
0.26802307456731794 -0.1388739912863821 -0.013893381657544524 -0.02328583126534575 -0.13918200773589742 0.3404932584094371 0.09282827633540204 
0.2666690182685852 -0.13582900155335664 -0.01524198240484111 0.01525760573947746 -0.13761870298637788 0.3402692425858687 0.09995147294724148 
0.26100877091288566 -0.1346685722330585 -0.01405946969985962 0.026727264999604646 -0.13669395668236456 0.33693714598325186 0.107397564681127 
0.2642771013081074 -0.13300423605367542 -0.015685484567657112 0.027473568056423245 -0.14105363255732503 0.3307416470858345 0.11961415193924607 
0.2624623328447342 -0.12828765466809272 -0.01967321990057826 0.008209657916675987 -0.16913977996054746 0.3268532449337729 0.10152169861521942 
0.26016218796372415 -0.1262498223502189 -0.0195451404992491 0.002817236201621222 -0.13995804859515626 0.29838367539283295 0.12520698215505136 
0.25732390880584716 -0.12700129758566617 -0.01856407941551879 -0.0457690060958625 -0.12969574113046314 0.3170138376668592 0.13368610263008412 
0.25926502197980883 -0.1271251440187916 -0.017663373668910937 -0.008986979715050216 -0.14373417785825435 0.31093872808755846 0.15361483152688513 
0.25535705298185346 -0.12421050383942202 -0.014658556908543688 0.004379223082502345 -0.15593592517009403 0.3004496398863895 0.15441296363638773 
0.25454970985651015 -0.12330694019794464 -0.01326000204309821 0.003036008682814578 -0.13778353090639392 0.30026113330497917 0.12983689214297145 
0.2545911207795143 -0.12355692924931645 -0.012703879844630138 0.011737898026767477 -0.12949520563765665 0.3143683351421912 0.1036338516987011 
0.25541794002056123 -0.12312786946073175 -0.014236271280678921 -0.014763049860049051 -0.14939449181966755 0.32406443101134075 0.09504849265595444 
0.2578043033182621 -0.12387825571931899 -0.013118425523862243 -0.0003635246878524509 -0.1369629267476413 0.3235311023969687 0.09089234512443278 
0.2595427189767361 -0.12427771667949855 -0.01411021962761879 -0.014150166205129367 -0.14734013957403305 0.30870535321123244 0.11815378721116788 
