0.5007966756820679 -0.6008230447769165 -0.027464333921670914 -0.22420468484655542 -0.679206256224324 0.6804157243989413 -0.15951665364236678 
0.5254111289978027 -0.6261383891105652 -0.05248848348855972 0.28812646631314814 -0.289100588272623 0.8663755417100363 0.2877453909221882 
0.5005582571029663 -0.6012164950370789 -0.02770065702497959 0.443909511889974 0.118938065939883 0.7695793304694009 0.4433347897902371 
0.47541218996047974 -0.5755985379219055 -0.05233566835522652 0.5016831870935224 -0.20266450112306625 0.6750644313189801 0.5015267623369729 
0.500533938407898 -0.6006088256835938 -0.02754014916718006 0.590595973605242 -0.4138493359001739 0.6927660935178179 0.0005126483428426873 
0.5277695059776306 -0.626872181892395 0.00043182107037864625 0.6438135148082573 0.05089328122837826 0.7042717725879569 -0.2948140132555849 
0.5529777407646179 -0.651866614818573 -0.02301696687936783 0.11422503276175322 -0.34424720730891994 0.9181621063060671 0.15945171273521141 
0.5781575441360474 -0.6771911382675171 -0.04793091118335724 0.34299261733989606 -0.47020816686753014 0.790658517916552 -0.19005118338859708 
0.587774932384491 -0.6870207190513611 -0.016346149146556854 -0.11777275223789986 0.022082658677858073 0.9654250374099479 0.23150903256250818 
0.5274026989936829 -0.6193691492080688 0.002890178933739662 -0.33445379453437857 0.2878941008604989 0.8049653174653607 0.39659612162648766 
0.5465494394302368 -0.6423515677452087 0.02920336276292801 -0.5041206439802226 -0.12164221775296767 0.851235952329023 -0.08039216775038953 
0.5722653865814209 -0.618116557598114 0.053545109927654266 -0.5307395685872474 -0.3303816084071978 0.7169526739265184 -0.308451562666995 
0.5405083298683167 -0.6410041451454163 0.03048979677259922 -0.569965945821689 -0.45904629355793364 0.6731971453119024 0.10592886536830465 
0.5151481032371521 -0.6155080199241638 0.05520136281847954 -0.04127053944892263 -0.5889954764694659 0.7180093516349783 0.3685697250681615 
0.5404685735702515 -0.5907790064811707 0.08005773276090622 0.29253529557556174 -0.05698805689810361 0.7776049668293434 0.5536298201649122 
0.5656339526176453 -0.6161373853683472 0.10481400042772293 0.4195628512025737 0.23426281628409595 0.6765957086988194 0.5579481998965078 
0.5405813455581665 -0.5909896492958069 0.07963818311691284 0.4972992585172191 -0.14387209907563744 0.636303395412244 0.5719372829014068 
0.5657328963279724 -0.566399097442627 0.104582279920578 -0.0020258395286675687 -0.49184857705968205 0.8689515813272317 0.054808963933591505 
0.5910307765007019 -0.5417190790176392 0.07959358394145966 0.32003793770368333 0.005579610519550049 0.8780253320494135 0.35583156500841895 
0.6158137321472168 -0.566676139831543 0.05433353781700134 0.4352536304572901 -0.2626368009110436 0.7316578111481202 0.4541508949313029 
0.6408937573432922 -0.5917544960975647 0.029104236513376236 0.5102582546893553 0.12968096208404148 0.6721417867132187 0.5206196117591928 
0.5748239159584045 -0.5295495986938477 0.051750097423791885 0.006358153430455071 -0.23189737896626425 0.7336230486578365 0.6387334357864113 
0.5999243259429932 -0.5048052072525024 0.026658955961465836 0.34645808007025947 -0.4594430242965222 0.8151292512617302 0.06665740706617738 
0.5750290155410767 -0.5297492742538452 0.0017393222078680992 -0.08886352153413883 -0.5545522286549337 0.759913161331011 0.32727219171556055 
0.552456259727478 -0.48614242672920227 -0.006875204853713512 -0.3046750979248347 -0.5459777313784323 0.6524325234308272 0.42826767787569003 
0.5737131834030151 -0.45816054940223694 -0.030789878219366074 0.11278751892369719 -0.5785865492456909 0.6364042862637719 0.497499914605118 
0.5486572980880737 -0.4328511357307434 -0.005997769068926573 0.3135878487152947 -0.5517514079702343 0.5819645588301149 0.5084784137076493 
0.572961151599884 -0.40697550773620605 -0.030719107016921043 0.4089915651056112 -0.5288583743321105 0.5441790489740802 0.5068568656227572 
0.598147988319397 -0.38237690925598145 -0.05466456338763237 0.5268437122127537 -0.5963199597851676 0.6056612255068532 0.003562075411587848 
0.6232434511184692 -0.4073653519153595 -0.0797794908285141 0.5319547656412811 -0.5680626732581114 0.5728636782550506 -0.25720834492386074 
0.5999884009361267 -0.4346393346786499 -0.08910214900970459 0.02069784439808648 -0.6965739588737666 0.6994727052052447 0.15841165906920415 
0.5900881886482239 -0.4020068645477295 -0.0972394123673439 -0.2547682699463175 -0.6361614138119991 0.6385571609451373 0.3501949976955196 
0.6103587746620178 -0.37363407015800476 -0.09900587797164917 0.15522121980185571 -0.6943322844952394 0.6954990166706573 -0.10044983544533453 
0.6353963613510132 -0.34881865978240967 -0.12374729663133621 0.45945058031526304 -0.13531679907982577 0.8321104303125988 0.27961895482913834 
0.6616594195365906 -0.3734559416770935 -0.12804077565670013 -0.025646010009878897 0.22966306478889226 0.8397959227066544 0.49126364311602094 
0.6801216006278992 -0.34588533639907837 -0.06762342154979706 -0.2751714405942361 0.383872248053029 0.7076871782642926 0.5254537402819871 
0.6830556988716125 -0.35555654764175415 -0.07485326379537582 0.14578238845776242 -0.07278848478674271 0.7512228136801029 0.6396198995532812 
0.7057681679725647 -0.3813678026199341 -0.03758614510297775 -0.24145620198223317 -0.39471968825487147 0.8819943678460606 0.08933759184195786 
0.612654983997345 -0.38588884472846985 -0.025004809722304344 -0.3874669413945282 -0.4714988086507759 0.7285359583371999 0.31111669864693214 
0.6400476694107056 -0.4113939702510834 -0.02640395425260067 -0.46382544729093855 -0.5439001948347209 0.6878964707952833 -0.12584505541143653 
0.6155279874801636 -0.4365290105342865 -0.0013589774025604129 0.022445450673677658 -0.6409562462579981 0.7303678245311553 0.23501943114674492 
0.5731543302536011 -0.406816303730011 -0.024377524852752686 -0.25224501574456976 -0.6029391073205896 0.6499424950047367 0.387829393009981 
0.6014559268951416 -0.4311637282371521 -0.03134524077177048 -0.4215983799835946 -0.6258612988486246 0.6525049996764775 -0.06920741286828581 
0.513263463973999 -0.41751816868782043 -0.009761261753737926 -0.5953502172328048 -0.08130466357472327 0.7470356312554677 0.2844036500409206 
0.45388156175613403 -0.38475853204727173 -0.02463073655962944 -0.5489567156402564 -0.3052228283883769 0.6690292359967912 0.39734799705750656 
0.47912856936454773 -0.35984814167022705 -0.04998161271214485 -0.020953851442738515 -0.48175231446490396 0.7010256956078703 0.5253937739590425 
0.4487514793872833 -0.3291908800601959 -0.07168251276016235 -0.31344395142308884 0.01079431687263392 0.7223082793478178 0.6163660613832728 
0.4424375593662262 -0.33846375346183777 -0.03380301594734192 -0.4245845227750747 -0.25522904913920047 0.643324974185508 0.5837114810285791 
0.4305626153945923 -0.35299602150917053 -0.044109780341386795 -0.46108516121255383 -0.38301215549754863 0.5873139905229343 0.5438422927529097 
0.453411728143692 -0.3760618269443512 -0.06883978843688965 0.02938977488992765 -0.5084881213815231 0.6285981776548235 0.5877417822435665 
0.45450636744499207 -0.39115244150161743 -0.08495806157588959 -0.24468786031092202 -0.5249697531827746 0.5879191858142016 0.5646996017452517 
0.44161924719810486 -0.3381550908088684 -0.07823070138692856 -0.4364739644422369 -0.0189150613032579 0.6494312523070098 0.622391956364251 
0.4140128493309021 -0.3092389702796936 -0.04922889173030853 -0.47771458298049535 0.25597805524188044 0.6094946862102295 0.5786019702039131 
0.4422975480556488 -0.3357410728931427 -0.026128549128770828 0.022008945660965652 -0.21227727283299783 0.9745464214147619 0.06865302802614931 
0.4680262804031372 -0.31083014607429504 -0.039628803730010986 -0.28585585797385626 0.1713500993262258 0.8795044156300573 0.3397021560281219 
0.44651392102241516 -0.28553155064582825 -0.06651122123003006 0.14977216692303455 -0.22853118893888943 0.9556473848843596 -0.10990845946077553 
0.4691326916217804 -0.2560763359069824 -0.05603544041514397 -0.1981533827549772 -0.4103432629329215 0.8209901476199186 -0.34398956521869534 
0.49387508630752563 -0.23234322667121887 -0.03170675411820412 -0.3565783402521223 -0.4684672935305754 0.681274320682814 -0.4350351504572359 
0.5222416520118713 -0.2076292484998703 -0.01611258089542389 -0.5847396633290485 0.023091437968306174 0.8097681975928046 0.04268228894620848 
0.5469489097595215 -0.18308700621128082 -0.03967799246311188 -0.05305281572001536 0.3455288366994719 0.8655536494748408 0.35862529419168465 
0.5718828439712524 -0.20824287831783295 -0.06498711556196213 0.2660416287317926 -0.09191930722976177 0.8124364990276906 0.5106071168596903 
0.5977361798286438 -0.18386681377887726 -0.08191617578268051 -0.13592450207357223 0.23696611668705048 0.7623239466641445 0.5867144020907558 
0.6236920952796936 -0.20927216112613678 -0.05622829124331474 0.272673868297401 -0.19692767546317796 0.9394361999655145 0.06578813250697277 
0.6487475633621216 -0.18419122695922852 -0.030683988705277443 -0.1326815589296491 -0.407296879557326 0.8407801708668953 0.33104918078723256 
0.673723578453064 -0.159221351146698 -0.05587134510278702 0.1985238031263178 -0.4885779569919096 0.7218750065411647 0.44808074547459453 
0.6486592888832092 -0.1341785192489624 -0.08102849125862122 0.3557028635143554 -0.503489477891322 0.6221860535852716 0.4825539692763884 
0.6763705015182495 -0.1587531864643097 -0.049705229699611664 -0.09538944695569533 -0.6634703854460602 0.742004990222639 -0.01168313015610024 
0.651840329170227 -0.18169356882572174 -0.03520646318793297 -0.31615314859529725 -0.6209400580088348 0.6635899414123647 -0.2722664515683107 
0.6770054697990417 -0.15688402950763702 -0.060085397213697433 0.11452073946810658 -0.6823633682219274 0.7082430977152919 0.14020323990247888 
0.7020719647407532 -0.131818950176239 -0.08470495045185089 0.3349246695534653 -0.6448060239534572 0.658358728397371 -0.19650557737843632 
0.6769365668296814 -0.15497078001499176 -0.06554324924945831 -0.09277001568145506 -0.6438785816854201 0.6508533296721821 -0.3914128759914119 
0.7003392577171326 -0.14062324166297913 -0.035044312477111816 0.273944332919042 -0.09341781953369309 0.7578158622757325 -0.5847586958211052 
0.675948441028595 -0.11454025655984879 -0.05853245407342911 0.48538856027603894 -0.3736897845345888 0.7888489025761044 -0.04971216543384948 
0.7009656429290771 -0.1415543407201767 -0.08115178346633911 -0.010706617228928463 -0.538329171198933 0.7957507773140053 0.277250378156531 
0.7258743047714233 -0.16656892001628876 -0.10611886531114578 0.25786766865395006 -0.5460681485455259 0.6840412831338099 0.4091471197206321 
0.6487126350402832 -0.14067833125591278 -0.04055032134056091 -0.13149454886832018 -0.5689895168180665 0.6439081463296364 0.49431003677792323 
0.5619649887084961 -0.16766689717769623 -0.04137630760669708 -0.3034628242672645 -0.5496092742983295 0.6022217616970906 0.4931215972064614 
0.5490416288375854 -0.14816273748874664 0.007096768356859684 -0.5685889262022681 -0.04122643398048876 0.8213840863630263 -0.018308380894574174 
0.49389639496803284 -0.12764385342597961 -0.008971705101430416 -0.5663703035811903 -0.29212992006996685 0.7233958087112785 0.2656751643647191 
0.5192089676856995 -0.10269984602928162 0.01566476747393608 -0.02986900144725796 -0.47801299670619085 0.7464542390098157 0.4619713051660112 
0.4737851023674011 -0.14755837619304657 0.019611941650509834 -0.3553499920874444 -0.6561673754257784 0.16540975605442226 0.6448335995838891 
0.4625170826911926 -0.1775881052017212 0.051314275711774826 -0.4279276084113552 -0.6040382934414605 0.3472250405928342 0.5757173553063785 
0.44147947430610657 -0.20300787687301636 0.024165689945220947 0.09687865853712198 -0.13171443090348336 0.9836361259449948 0.07566905541726868 
0.46949857473373413 -0.226422980427742 -0.003925489727407694 0.3361153823703354 -0.356764030378981 0.8381109815019829 -0.23940730784078376 
0.49337658286094666 -0.2568085789680481 -0.028961272910237312 -0.10142564532979091 -0.5286877705035578 0.8273457504042088 0.16031559212225663 
0.5187519192695618 -0.23194414377212524 -0.004158138297498226 0.21416872604848414 -0.5548683145580678 0.7220804792099499 0.3533450039638137 
0.4939429461956024 -0.20700088143348694 -0.02944326028227806 -0.1881568927796182 -0.03615001280289082 0.8049171990148042 0.5616034748860022 
0 0 0 0 0 0 0 
0 0 0 0 0 0 0 
0 0 0 0 0 0 0 
0 0 0 0 0 0 0 
0 0 0 0 0 0 0 
0 0 0 0 0 0 0 
0 0 0 0 0 0 0 
0 0 0 0 0 0 0 
0 0 0 0 0 0 0 
0 0 0 0 0 0 0 
0 0 0 0 0 0 0 
0 0 0 0 0 0 0 
0 0 0 0 0 0 0 
