0.5469147562980652 -0.49985820055007935 -0.043974634259939194 0.556051776583549 0.014219116588119543 0.8310196264472491 -0.003258671693682524 
0.5723957419395447 -0.4748547077178955 -0.0676262304186821 0.036798788657963225 -0.325690958136057 0.8843212130956938 0.3324864523716481 
0.5982327461242676 -0.4517962336540222 -0.0912831574678421 0.35803277340050255 0.11579463603405744 0.9198235578040669 -0.11103494020150995 
0.623293936252594 -0.4269651174545288 -0.11655234545469284 0.47556665486231753 -0.21258620525140634 0.7841111922789405 -0.33736197216457364 
0.6477698683738708 -0.4521786570549011 -0.14130531251430511 0.5509165096772135 -0.4025222464200372 0.7253040162824297 0.09165655713924924 
0.6230739951133728 -0.4271160662174225 -0.11678196489810944 0.5409296779975039 -0.46463888259883657 0.6312917148770191 0.30492058468797034 
0.6481738090515137 -0.4522630274295807 -0.09224880486726761 0.5699880673437577 -0.5284727609567691 0.6199878318055951 -0.10698239306285211 
0.6731029748916626 -0.42715984582901 -0.1175861656665802 0.5629620956542638 -0.5414231465417942 0.589262409879732 0.20665059290520563 
0.6175528764724731 -0.435654878616333 -0.08009891957044601 0.037490648423917465 -0.6250129245895389 0.6540032794619376 0.4245385799074288 
0.5919963717460632 -0.41430211067199707 -0.09898071736097336 0.3179098118231711 -0.6589619021183648 0.6793672587096847 -0.05623780664633932 
0.6175793409347534 -0.38571590185165405 -0.10643474757671356 -0.10651159592073418 -0.6736280801300375 0.6849860403012622 0.2562705878307843 
0.5923699736595154 -0.363126277923584 -0.11680778861045837 0.3072874970641247 -0.13478780493905618 0.9231062602082645 -0.18783363424075178 
0.6115909814834595 -0.33312544226646423 -0.12464314699172974 -0.11734349266118307 0.2220582442241714 0.8706048443722211 -0.42304591459766366 
0.5987023711204529 -0.3094853460788727 -0.141620472073555 -0.40285060634009096 -0.1813580688249744 0.8957037363298548 0.05035331735084361 
0.5125426054000854 -0.3235915005207062 -0.14230164885520935 -0.4688431031723892 -0.36410444675503684 0.7504825646009246 0.2904995984350273 
0.5326303243637085 -0.29259955883026123 -0.10990205407142639 0.0374509636706601 -0.5041221562088962 0.739431198730876 0.4446344333076914 
0.5532265901565552 -0.312015175819397 -0.11526202410459518 0.3178596465264608 -0.5929442192687961 0.7389730699322579 -0.03607214799101126 
0.5797765254974365 -0.29194989800453186 -0.12114965915679932 -0.10230707340235978 -0.6329221172934598 0.7182012457503494 0.27042527022313245 
0.606572687625885 -0.2682734429836273 -0.1389112025499344 0.2639874290712328 -0.08742148851352347 0.8122511347894232 0.5127535613447606 
0.5819270014762878 -0.29343992471694946 -0.11419601738452911 0.4083654053228635 0.2200873029637647 0.7014668984738349 0.5410577281169988 
0.6070860624313354 -0.31863418221473694 -0.08943510055541992 0.5925569386170355 -0.18289701112805193 0.7840348470392127 0.02672669911213237 
0.5833460688591003 -0.3432762324810028 -0.09715797752141953 0.060361292395674185 -0.4457465400404658 0.8379980180941242 -0.30891076072645485 
0.6123083233833313 -0.3637876510620117 -0.06986553966999054 -0.3053271761368699 0.04026471204017117 0.9418990280554396 0.13409060155292526 
0.5591592788696289 -0.36208248138427734 -0.05561716854572296 -0.4342292146131437 -0.2531337869796887 0.7904641305904588 0.3500496155056369 
0.5759345293045044 -0.37720170617103577 -0.07220213115215302 0.05899090708090219 -0.4343678031469367 0.760756783300712 0.47863744225982774 
0.5576616525650024 -0.4007056951522827 -0.021437689661979675 -0.3275676773434643 0.053076704026189865 0.9430891486147652 -0.021567058552379816 
0.5511972904205322 -0.36521509289741516 -0.032305389642715454 -0.45902314823963164 -0.24975219203696483 0.8092891097507485 0.2682773355908937 
0.540414571762085 -0.38665348291397095 0.0016790948575362563 -0.5670892803616276 0.15127908885396993 0.7964907311857277 -0.1453509563424642 
0.5641043782234192 -0.4124988615512848 -0.021376408636569977 -0.033537781697998856 -0.24897453768191374 0.9342877312504947 0.25296903371689244 
0.5802030563354492 -0.4290994703769684 -0.03420918062329292 -0.3090876997711755 0.1495890357554117 0.8332508560381776 0.4333369648940349 
0.5771700143814087 -0.437905877828598 -0.028287779539823532 -0.4714793394750687 0.38740652308607676 0.7911827381026039 -0.04066070888433781 
0.5550848841667175 -0.3681600093841553 0.00421535037457943 0.09099861489285775 -0.18946191946832075 0.5355803816308486 0.8179101955417328 
0.4866134822368622 -0.35880255699157715 0.007244988810271025 -0.21232187903217406 -0.3570500969013528 0.5768278358548942 0.7033521847338934 
0.515935480594635 -0.38723310828208923 0.033182114362716675 0.2584495306364087 0.1289489800642567 0.9436012829265832 0.16184134055770347 
0.5410059094429016 -0.3626119792461395 0.007881885394454002 0.4226426853538315 -0.20617835307043372 0.8012279136337097 0.3699965914116485 
0.5666800141334534 -0.38839802145957947 -0.01719459518790245 0.5272664479401435 -0.4035295323016389 0.7440680556702383 -0.07427474650320885 
0.5919011235237122 -0.4137380123138428 -0.04222621023654938 0.5416827611095785 -0.47584198986359666 0.6555567232309585 0.22449848468540884 
0.616926908493042 -0.438800185918808 -0.01754440739750862 0.5277312201962908 -0.4941851669342836 0.5854131072938207 0.36684093803835766 
0.5741323828697205 -0.45300424098968506 -0.034948237240314484 0.016149356164086474 -0.5818017002205013 0.6354242500423748 0.5074268443570018 
0.59935462474823 -0.47814422845840454 -0.059934455901384354 0.313869180379931 -0.6537489350570146 0.6885465171590498 -0.0014701114216165271 
0.6246328949928284 -0.5033159255981445 -0.08434231579303741 0.5306966053044935 -0.10044244717453732 0.7753423600948145 -0.3272868047546066 
0.6498927474021912 -0.5264098644256592 -0.09395983815193176 0.01982728483608499 -0.3674067097983829 0.7800381275365379 -0.5061222263055118 
0.6705545783042908 -0.4923306107521057 -0.06905684620141983 -0.29341713744420633 -0.5343740593405565 0.7926728849435687 -0.0045216847726214935 
0.597640335559845 -0.4426844120025635 -0.05855325609445572 -0.41035515500413816 -0.5442044413195338 0.6837308825472013 0.26069570970932576 
0.6143583059310913 -0.46078741550445557 -0.04636899754405022 -0.474868340858387 -0.5728840134127142 0.6504345243715378 -0.1524430894862583 
0.5399332046508789 -0.4444931149482727 -0.036525752395391464 -0.5912929646983442 -0.04470568058951657 0.7004003001037099 -0.397257412310839 
0.515525221824646 -0.46903684735298157 -0.05335662513971329 -0.049592566386818186 0.33789388146456906 0.9367218243913124 0.07694495394103655 
0.5421121716499329 -0.44389575719833374 -0.07942935079336166 0.2882611282915635 -0.10276406840440651 0.9130007287907838 -0.26976793246890357 
0.522692859172821 -0.4709196388721466 -0.06835930049419403 -0.14113949044755528 0.2646404726401107 0.9415152335349926 0.15360380691431977 
0.4969709515571594 -0.49163928627967834 -0.08823353052139282 0.22570267650757156 -0.14336441550952103 0.8777085822037832 0.39765888762701745 
0.5207504034042358 -0.5129958391189575 -0.08877028524875641 -0.16245816663558177 0.21163951490805993 0.8086282262385243 0.5243438295176408 
0.48689430952072144 -0.48666882514953613 -0.07758548110723495 -0.4375802447636334 -0.1920398902018221 0.8782775385499945 0.016515908768036193 
0.4640205502510071 -0.49653077125549316 -0.09735415130853653 -0.498055545941653 -0.3684461454401729 0.7347804139185544 0.27619893987616784 
0.4882694184780121 -0.5171195864677429 -0.059607621282339096 0.00761708972975893 -0.566776813435751 0.8084450800956698 -0.1585010289076098 
0.5136581659317017 -0.4926528334617615 -0.0846123918890953 0.3540921643869234 -0.04649649250125056 0.9033206970902962 0.2376310870091843 
0.5385919809341431 -0.46787646412849426 -0.10991153120994568 0.45382606096635036 -0.29056201193710807 0.7457341464937155 0.3917859190426781 
0.4999020993709564 -0.4823041260242462 -0.12500321865081787 -0.0269267852569873 -0.45823250256577724 0.7224303837103082 0.5170998573972012 
0.47345638275146484 -0.43475544452667236 -0.1150304526090622 -0.27130154531642137 -0.4975082145830943 0.6368109358682859 0.5228315980216016 
0.44610825181007385 -0.4108096659183502 -0.11244253069162369 0.1557665769877136 -0.6506554004757381 0.7432256201277911 3.018191516176717e-05 
0.42144840955734253 -0.38596832752227783 -0.08748520165681839 0.43793798428521125 -0.10070000911840528 0.8285673443979897 0.3339850084674795 
0.39687660336494446 -0.4110749065876007 -0.06262142211198807 -0.03712431978497104 -0.35764566461281266 0.7903410462900682 0.49605684554623686 
0.4218818247318268 -0.43603646755218506 -0.08789735287427902 0.24429123024587554 -0.4514242905213221 0.6794024367288046 0.524356971651222 
0.44710245728492737 -0.41120150685310364 -0.06309536844491959 0.4298204874441607 0.028078952362611407 0.681424056572751 0.5917154519964971 
0.46954092383384705 -0.38640305399894714 -0.08630852401256561 0.48483114859117604 -0.24632139218935117 0.616352654792805 0.5695383516810105 
0.49390923976898193 -0.3630642592906952 -0.10462035238742828 0.5323518111604892 0.13750829520813454 0.6038096479256809 0.5771541622261464 
0.5204207301139832 -0.3903864324092865 -0.11229774355888367 0.01871999675517518 0.38158573385710326 0.6620262895573324 0.6447969303378959 
0.5210177898406982 -0.41575610637664795 -0.11712808161973953 0.3050102121529294 -0.07086282554812975 0.6756446143122053 0.6674215950871469 
0.5484627485275269 -0.440732479095459 -0.1221003383398056 -0.14107132605261086 -0.42204594143673685 0.8880083292684685 0.11583311889248052 
0.5728588700294495 -0.41582608222961426 -0.14553433656692505 0.207387671038521 -0.5274775045621529 0.7945366285385175 -0.21787469332794976 
0.5962974429130554 -0.39760488271713257 -0.11360354721546173 0.3872808139176821 -0.5655537422370666 0.7115014718944391 0.15468739866244482 
0.6209156513214111 -0.37226349115371704 -0.13382887840270996 0.4733837344706171 -0.5685633287963693 0.6467696262209192 -0.18529066809933128 
0.6502957344055176 -0.4000796973705292 -0.12243647873401642 -0.016233541554558088 -0.6685352132525493 0.7169590557042465 0.19689299940231544 
0.6747941970825195 -0.37499865889549255 -0.09722554683685303 0.2573000669008816 -0.6180459461601177 0.6441379188843567 0.3700030073704495 
0.6732173562049866 -0.38371628522872925 -0.05508488789200783 0.3841878461266207 -0.5670409561224267 0.5802359758168086 0.4406704725032845 
0.6179163455963135 -0.3783178925514221 -0.0006531976396217942 -0.06369832150827405 -0.5962349316380414 0.6102026302655612 0.5177829469464975 
0.6390202045440674 -0.35079658031463623 -0.024060340598225594 0.23722576137115242 -0.5756669191053005 0.5899803551777607 0.5140571144279709 
0.6458421945571899 -0.3643423914909363 -0.03712442144751549 0.37291223207620006 -0.5435071057063485 0.5517316347543587 0.5110075306939588 
0.6726555824279785 -0.33905503153800964 -0.05566133186221123 -0.08385031176560095 -0.6988857808001148 0.7103008576356716 0.0006944452857651053 
0.6480604410171509 -0.36484140157699585 -0.08038440346717834 0.22987189220095375 -0.6571018953898966 0.6639815336610067 -0.27295518901119303 
0.6735998392105103 -0.34028172492980957 -0.10508538782596588 0.5203790420578521 -0.11263529319523528 0.8310070260561159 0.16107844660023818 
0.6985160112380981 -0.3651891350746155 -0.08026491850614548 0.535920644116753 -0.3222172747391602 0.6990673914000703 0.34679947138116324 
0.7236018180847168 -0.39033645391464233 -0.05564112216234207 0.5780441817825515 -0.4589629667841108 0.6692655864474224 -0.08544877895707964 
0.7297138571739197 -0.4094434380531311 -0.07112433761358261 0.04943861731489043 -0.6112141757561159 0.7446896621029859 0.2634584628166356 
0.6400055885314941 -0.35996904969215393 -0.0136438999325037 -0.23700677838454293 -0.5877358066073087 0.6625373449009541 0.39929772757058213 
0.6121408343315125 -0.3369472026824951 -0.005669428501278162 -0.5048126259089151 -0.07474590191611093 0.8534021616961647 -0.10621682202931054 
0.6371919512748718 -0.3621918857097626 0.019063886255025864 0.017437538655388947 0.28230067510097945 0.9220908224709338 0.2641037224236912 
0.6625960469245911 -0.38740721344947815 0.04369466006755829 0.27751979173050334 0.41881733426159695 0.7618593284982028 0.40883391407775266 
0.6663472652435303 -0.3497646152973175 0.026463167741894722 -0.14095216950916614 -0.05171876296405723 0.8026304282320753 0.5772712110820377 
0.633398711681366 -0.3764631152153015 0.0037607017438858747 -0.4041211630746042 -0.349671535107873 0.8440620648736898 0.04444247666023897 
0.6585855484008789 -0.35167938470840454 -0.021512892097234726 0.0703717648867678 0.10177595962082216 0.9200227050697771 0.3718167437139863 
0.6360519528388977 -0.33363568782806396 -0.03248530998826027 -0.26724615507564714 0.3742511165454332 0.8843389973587639 -0.08037494704369044 
0.6057376861572266 -0.2967478930950165 0.004916039295494556 -0.4655858696033548 -0.07765535846276066 0.8436380910890732 0.25587929691808353 
0.5728349685668945 -0.327428936958313 0.02853131666779518 -0.5300354091554264 -0.3248186763707105 0.7704091262021925 -0.1415099670927591 
0.5612105131149292 -0.3555252254009247 0.010709168389439583 -0.5482596399779269 -0.4423824756545657 0.6827977935291866 0.1936395764214695 
0 0 0 0 0 0 0 
0 0 0 0 0 0 0 
0 0 0 0 0 0 0 
0 0 0 0 0 0 0 
0 0 0 0 0 0 0 
0 0 0 0 0 0 0 
