0.5007966756820679 -0.6008230447769165 -0.027464333921670914 -0.2155889974258317 -0.5745870785419634 0.6852369145114782 0.3922007704637072 
0.4755811393260956 -0.5756297707557678 -0.002626239787787199 -0.28934691398481127 -0.2889894682723783 0.8660425377165747 0.2876347918116822 
0.5041834115982056 -0.6053452491760254 0.02458837442100048 0.1495955448324553 0.1491742090232809 0.9658197958189331 -0.15020103306180643 
0.5287548303604126 -0.5807374119758606 0.0018858826952055097 -0.20897097758330302 0.386254716603406 0.8731268613689822 0.2116315392030487 
0.5025169253349304 -0.5200766921043396 -0.000979364849627018 -0.41554730924829925 -0.06689706998722883 0.8055195516522161 0.41711325525525456 
0.529089629650116 -0.49743402004241943 0.023293469101190567 0.07577796624758673 0.3106495132626573 0.9449416731287597 -0.06956877263308714 
0.5038326978683472 -0.5233757495880127 -0.0009990831604227424 0.35384071418101243 -0.11637176308993123 0.8889162081604913 0.2666127090233815 
0.5287516117095947 -0.498298704624176 -0.02614130638539791 0.4486311435401861 -0.3236990454249769 0.7296507214876317 0.40194383894937663 
0.5013248920440674 -0.5211042761802673 -0.0005033549387007952 -0.029468189667660148 -0.4749691587900672 0.7092362110541437 0.5201152958003918 
0.4980853199958801 -0.4823588728904724 -0.015315656550228596 -0.2727426867369197 -0.5047150939895901 0.6272921227852574 0.5266675359486015 
0.5234357714653015 -0.5074630975723267 -0.04019104316830635 0.15202996808525432 -0.6574197742455626 0.7379734559106502 0.009017073039611296 
0.5483666658401489 -0.5326071977615356 -0.015399123542010784 0.34557688074922494 -0.6139572821373412 0.6564284651623682 0.2696937991996529 
0.5730301141738892 -0.5072202682495117 -0.04040282964706421 0.4287873965182591 -0.5650816833679402 0.5868230092404052 0.39046487106420147 
0.5469508767127991 -0.5008785724639893 -0.041520170867443085 -0.04043645958475319 -0.6035545585535556 0.6161230082941537 0.5044593405181786 
0.5608527660369873 -0.4664614200592041 -0.05989274010062218 0.24349409004179762 -0.5789064895621333 0.5881997343789117 0.509508564142098 
0.5605300664901733 -0.46794116497039795 -0.06415334343910217 0.3760001824349104 -0.5454345350696336 0.5522151384844436 0.506145701938576 
0.5717281103134155 -0.4302349090576172 -0.07653012871742249 0.4395596028468602 -0.5246080286249979 0.5339131129467944 0.49649829775213505 
0.5765382051467896 -0.38906434178352356 -0.08134233206510544 -0.042025989390727866 -0.017266864163573276 0.7251386082157112 0.6871023726437485 
0.5952423810958862 -0.40799033641815186 -0.05100587382912636 0.2534175365061307 -0.2768184765710445 0.6700573838262041 0.640448425402103 
0.5532228946685791 -0.3526187241077423 -0.03837926313281059 -0.13405328948589693 -0.42477778917916653 0.6433784170650114 0.622621681161996 
0.5239762663841248 -0.3150783181190491 -0.0366273857653141 -0.31504305683604317 -0.4749334397412271 0.5982002495787887 0.5633316621306165 
0.5222457051277161 -0.2800305485725403 -0.04452328011393547 -0.5207103800959251 0.011471207118799655 0.7264669937813604 0.4483021508021881 
0.4974760413169861 -0.2550796866416931 -0.06979940831661224 -0.005555780908634908 -0.2961472740883949 0.7584329045867759 0.5805561597197767 
0.5245294570922852 -0.2809639871120453 -0.0460226871073246 0.31454305394604226 -0.5068236858813893 0.8009940519157687 0.05099948469797569 
0.5493993759155273 -0.2564791440963745 -0.07099535316228867 0.4253419590799899 -0.5251966101161187 0.6783944212042965 0.28815577010953874 
0.5743942856788635 -0.2813687026500702 -0.09562616795301437 -0.04285476359761072 -0.5854596256217777 0.6730769700100372 0.44985318543487984 
0.5992397665977478 -0.2563124895095825 -0.12071626633405685 0.23954326828273367 -0.5668529347835864 0.6127878584206041 0.4957699199426598 
0.6261346340179443 -0.23319761455059052 -0.0904766246676445 0.4434746931698789 -0.04019215158822675 0.6673638509144191 0.5969424410789268 
0.6022362112998962 -0.241963729262352 -0.0794077068567276 -0.03489700314837083 -0.3199469123584073 0.6909046058366917 0.6473538430234506 
0.5773090124130249 -0.2168455272912979 -0.054655008018016815 0.25303236674111945 -0.426795112613776 0.634533529179029 0.5926109630929791 
0.6033716201782227 -0.24341122806072235 -0.07929516583681107 0.45641266471918807 -0.5617405568961108 0.6877454071932426 0.05604713290239277 
0.628612756729126 -0.2184971123933792 -0.054168421775102615 0.494088783041587 -0.5468453746138793 0.6120275619545335 0.28680773027217993 
0.6536860466003418 -0.19377543032169342 -0.029675206169486046 0.5419281273080819 -0.5705906761287646 0.6059607545871775 -0.11641197982773592 
0.6788944602012634 -0.16884411871433258 -0.055220700800418854 0.5317845954678662 -0.5469083743918903 0.5647051241972434 -0.3149674534749168 
0.704136073589325 -0.143875390291214 -0.08051257580518723 0.6902392641115558 -0.03136397771018288 0.7122135487616119 0.1238463569965793 
0.6788725852966309 -0.1690407246351242 -0.10441631823778152 0.13094268373669343 0.3220678290956381 0.8336569341341786 0.4291182158886487 
0.6612941026687622 -0.1392432451248169 -0.05375891551375389 -0.21988832799768995 -0.10661525906514151 0.7956331402345772 0.5543015568310435 
0.6363533139228821 -0.11418253183364868 -0.07891611754894257 0.16636783454334006 -0.330858529003634 0.7248232177461015 0.5809351774777449 
0.6634190678596497 -0.09094124287366867 -0.10157690942287445 0.4100691477002134 -0.5112836739593472 0.7536370968180398 0.04963290387161565 
0.6886998414993286 -0.06726439297199249 -0.12581001222133636 0.47934018469523504 -0.5299631919874 0.6581953480030439 -0.23696178245028462 
0.7044390439987183 -0.05437025800347328 -0.1429065316915512 -0.012100093703606101 -0.6001686540925086 0.6747739828296302 -0.42933814933381886 
0.7312033176422119 -0.036620814353227615 -0.16686323285102844 0.29224562295391643 -0.6543826561006468 0.695910566890453 0.045654333300885815 
0.760486900806427 -0.06773757189512253 -0.15517055988311768 0.4152436215566448 -0.6073709317445831 0.6315682038485227 -0.2445299366453724 
0.7420042753219604 -0.04905206710100174 -0.09255056083202362 -0.05150171891148809 -0.6896327940213691 0.704796882192062 0.158163008354642 
0.7595333456993103 -0.07277628779411316 -0.10682390630245209 0.3205226233407607 -0.1257826988484224 0.8293346059128722 0.44005462391901423 
0.6788160800933838 -0.09267103672027588 -0.07212021946907043 -0.10474156241483161 -0.3542449162286722 0.7622262817790879 0.5315551145405973 
0.5918989181518555 -0.1147540733218193 -0.04162193089723587 -0.2920694525664519 -0.43465473531990634 0.6738888941799561 0.5211952170179915 
0.6081327795982361 -0.13634656369686127 -0.05626322701573372 0.13788373725269878 -0.5032247822640109 0.6596412186053244 0.5409494950856784 
0.6323583126068115 -0.11159799993038177 -0.07902632653713226 0.47815318900126796 0.0009741415410678009 0.8778651690730709 0.026857472414289388 
0.6573832035064697 -0.13650797307491302 -0.05422443524003029 0.5334932796516347 0.2719220683323606 0.7477281552521717 0.28695977969669867 
0.6826234459877014 -0.11185107380151749 -0.07784070074558258 0.022458833732760856 -0.15256928006433687 0.8353330086826338 0.52767128041351 
0.6912571787834167 -0.13473600149154663 -0.07621050626039505 -0.26709932909620104 0.19496802577666753 0.7476398841796029 0.5759166787869736 
0.7120156288146973 -0.11128906905651093 -0.03367055952548981 -0.3896235899278981 0.3590395060739976 0.6425297314457287 0.553569901149003 
0.7268281579017639 -0.08879221975803375 -0.02986704558134079 -0.44630882411991984 0.432822797386854 0.5751488478897444 0.5316734546185399 
0.6041874885559082 -0.06367465853691101 0.040597859770059586 -0.5333428880586574 -0.03645364669515221 0.6085575158695868 0.5864079171349182 
0.5282692313194275 -0.09068353474140167 0.04362904652953148 -0.5113576153151986 -0.2521615981031511 0.5935664581804583 0.5679848390796401 
0.5534219741821289 -0.11562352627515793 0.06829537451267242 0.004054073280892852 -0.43419758474647374 0.6498319697159375 0.6238384670932589 
0.5808290839195251 -0.14020051062107086 0.041520532220602036 0.3988983135707089 0.051902631515861886 0.9102845664916454 0.09781748452751457 
0.6057634949684143 -0.16460585594177246 0.018617238849401474 0.4908593800296779 -0.2440978271059968 0.7697790403406922 0.32697637359780907 
0.6306056976318359 -0.18955788016319275 -0.006449923850595951 0.5063332577051882 -0.3801211608845674 0.6496877989134441 0.42076157040825923 
0.6554626226425171 -0.1645037680864334 0.018348507583141327 0.5060231626657188 -0.4422945139309716 0.5779557486048493 0.46290741455171963 
0.6602646708488464 -0.13809368014335632 0.0025633866898715496 0.003565662923863682 -0.5460230285134451 0.6248469421486763 0.5580434008823758 
0.6353120803833008 -0.11298700422048569 0.02732236497104168 0.26472806646050123 -0.5404422423023748 0.5852159164433482 0.5434736099431489 
0.6205440163612366 -0.090537428855896 0.018986983224749565 -0.12754356608646727 -0.5639062211586853 0.5882150461907536 0.5654604070342049 
0.6456097364425659 -0.11541535705327988 0.04371599107980728 0.20406191616421057 -0.559953887976396 0.5795686548915107 0.5557972219962545 
0.6311926245689392 -0.10884523391723633 0.10001502931118011 0.5530842389510232 -0.04720984883544039 0.062572719358813 0.8294297496406465 
0.6561657190322876 -0.08391547203063965 0.07474925369024277 0.03494096964329646 0.30358286828337094 0.3916348489878698 0.8678932628978498 
0.6360959410667419 -0.11136478185653687 0.0628591999411583 -0.42731481815637 -0.1803605220813553 0.8188076034281367 0.3382694736845176 
0.6612314581871033 -0.13653559982776642 0.08764030039310455 0.05803317115390382 0.20200001416842714 0.8269243363950581 0.5215594761859568 
0.686496376991272 -0.11170388013124466 0.11208869516849518 0.29383742107707117 0.36945626535758486 0.6987327839017851 0.537525938596142 
0.7112884521484375 -0.08676702529191971 0.08674515038728714 0.4465527693876552 -0.0738324202268126 0.6746167157648739 0.5831223582459193 
0.6862243413925171 -0.11172403395175934 0.061548925936222076 0.4869097067093282 -0.29512904131781975 0.6043410540346269 0.5573057301799228 
0.7142080068588257 -0.0939936637878418 0.04146962985396385 -0.011563719631462912 0.1823708006563967 0.9818397344816245 0.05096966989576146 
0.693301260471344 -0.07971671968698502 0.0278954915702343 -0.3106182708814255 -0.19124521178886583 0.9173098864089783 0.15963749891179302 
0.6151962280273438 -0.07260555773973465 0.03699518367648125 -0.41718502828535486 -0.36473478561621936 0.7551420279369683 0.3502651937879088 
0.6406031847000122 -0.047598063945770264 0.012200669385492802 0.08074264992090596 -0.5531358141902181 0.8230512504001748 -0.10053872268227482 
0.6557549834251404 -0.02766515128314495 0.03981988504528999 -0.23387517841983338 -0.5888258656187118 0.7406075722683984 0.2238010830987534 
0.5661521553993225 -0.03928795084357262 0.03587374463677406 -0.49536107966487875 -0.06067163322632388 0.8458478023063748 -0.18835564501328947 
0.5412003993988037 -0.06423692405223846 0.06070996820926666 0.021725632621862657 -0.3702741130476555 0.9032732809730013 0.215690653423419 
0.5658606290817261 -0.08913793414831161 0.08551955968141556 -0.25695630479794945 -0.4675832225834673 0.7535250681049346 0.38410852518591265 
0.5909473299980164 -0.1140817403793335 0.06029902398586273 0.13326320896080113 -0.5286103497428273 0.6850506811993593 0.48323656677711135 
0.6163487434387207 -0.13906343281269073 0.08530579507350922 -0.22762197490625943 -0.6382928878855209 0.7352944629147048 -0.010605593878321388 
0.5875521898269653 -0.16485930979251862 0.05984656512737274 -0.38359892367638077 -0.6006118401312663 0.6521128964913463 0.25858471238285347 
0.5673989057540894 -0.15550509095191956 0.11228815466165543 -0.7487893240044905 -0.08627241853355717 0.1303799144117714 0.6441061216719247 
0.518254816532135 -0.13016557693481445 0.14554020762443542 -0.6633122555076397 -0.2935770777517867 0.3267462580074532 0.6058599128430731 
0.5408243536949158 -0.15395963191986084 0.12075192481279373 -0.09656636691792836 -0.4802781797907013 0.5236866872264586 0.6969648918123353 
0.5162093639373779 -0.128905788064003 0.09575571864843369 0.24897742480573978 0.01258583166674945 0.6303135745183046 0.735225568486513 
0.4934272766113281 -0.15342140197753906 0.06864184886217117 0.5308437178574817 0.21885829134611293 0.8015800394891003 0.1666596406241141 
0.46943676471710205 -0.1285514086484909 0.04177631437778473 0.569575885058746 -0.15508906887267643 0.718144987229011 0.3685084384292929 
0.49728667736053467 -0.10404807329177856 0.07532088458538055 0.5716426957476929 0.1839678065187298 0.6507949668643729 0.4645927094423649 
0.5221431255340576 -0.12913721799850464 0.050753917545080185 0.04552328145537548 -0.20579582507853802 0.7451510959616464 0.6327128522583808 
0.549797773361206 -0.15437982976436615 0.024760641157627106 0.35550123058440664 -0.45906399880442034 0.809538544541093 0.08675520132508915 
0.5248316526412964 -0.12935933470726013 0.049779295921325684 -0.08323180692150597 -0.5534608747639796 0.7558791669044438 0.33970606627188105 
0.5482070446014404 -0.10436100512742996 0.02492028847336769 -0.30157663527830575 -0.5452734548731949 0.6501073961088939 0.43484338098835035 
0.5733476877212524 -0.07932534068822861 -0.0002765165118034929 0.1102850569321191 -0.572478758647378 0.6309418065622813 0.5118766588221829 
0.578752875328064 -0.106453076004982 -0.015893973410129547 -0.20535087614160327 -0.564942440113349 0.5956811864592017 0.5327616550815278 
0.603853166103363 -0.08138778060674667 -0.04110196232795715 0.1620821697813165 -0.56974238379197 0.5893743868522373 0.5493276057805337 
0.6293034553527832 -0.10667182505130768 -0.06571990996599197 0.39756310301153364 -0.6426123623824816 0.6543109626821335 0.02949737193423489 
0.6045950055122375 -0.13147254288196564 -0.04065537825226784 0.5752556675679454 -0.09091470763009755 0.7388117129869801 0.33907622390951486 
0.6296929717063904 -0.15688391029834747 -0.06372535973787308 0.046722135227193776 -0.3674574165556465 0.7690824432415234 0.520868778672432 
