0.6005794405937195 -0.69874107837677 -0.008740734308958054 -0.13341370052386198 0.03137112993113477 0.9776991285688156 0.15912589580313954 
0.53121018409729 -0.6255096793174744 0.00961303524672985 -0.3461730975205987 0.2918425746498186 0.8149186348465921 0.36180065886414037 
0.46706509590148926 -0.5786304473876953 0.0676937848329544 -0.44618210474410847 -0.10460273077526142 0.7529642267108296 0.47225487971458574 
0.4921696186065674 -0.6038342714309692 0.04240165278315544 -0.5435827782939188 -0.3591924915884172 0.7579757254217662 -0.031165955786986305 
0.5173754096031189 -0.5789714455604553 0.016959333792328835 -0.5430450466450748 -0.44709119653262314 0.6549333933630574 -0.27617709817294195 
0.5429391264915466 -0.5541517734527588 -0.007905581966042519 -0.036414519782889225 0.04513342702328873 0.9801041202648961 0.1898232597810108 
0.5694241523742676 -0.5802673101425171 0.01653655432164669 0.28149232341863284 -0.2764992183587491 0.8992421075788241 -0.18887531882322667 
0.5940871238708496 -0.5553919672966003 -0.008815215900540352 0.43232019217789497 -0.4297051344833129 0.7738102973915864 0.17225089980807315 
0.6135770082473755 -0.5724625587463379 -0.029858103021979332 0.4773809527653561 -0.47639646649296186 0.6530297379980131 0.3445373621831275 
0.5609083771705627 -0.5407971143722534 -0.02595589868724346 -0.013683291893048231 -0.5633656857370926 0.6692054331910465 0.48435107086134227 
0.5731940269470215 -0.5017020106315613 0.0031023251358419657 0.2602887567053597 -0.5575887562912433 0.6196193358261184 0.487253959102194 
0.545228898525238 -0.47169268131256104 0.029003232717514038 0.3848092660454599 -0.5341673956079996 0.5691980699563461 0.4925450024037313 
0.5706440806388855 -0.498725950717926 0.0036752489395439625 -0.07680634797116943 -0.6920604028735446 0.7177012044168404 -0.007626589306859367 
0.5958623290061951 -0.47395139932632446 -0.021339623257517815 0.23328469503818436 -0.6531760145855581 0.667731490392153 0.2703220334522186 
0.5450751781463623 -0.398925244808197 -0.007107269950211048 0.4647341602326302 -0.731077413733521 0.1064433967284845 0.48807558711175125 
0.5707135200500488 -0.4271239638328552 0.016389859840273857 -0.03037543124272744 -0.8930530432323225 0.4475095059666175 -0.03562074142715306 
0.5981824398040771 -0.4032517373561859 -0.009145800955593586 0.25919046553634145 -0.76101161755702 0.5181428477633455 -0.29190685128991567 
0.6233429908752441 -0.4283616542816162 -0.033994074910879135 0.42110813279374987 -0.7003662395475643 0.5646916341145042 0.11523206740337773 
0.6483877897262573 -0.45341742038726807 -0.05931782349944115 0.5946768231970542 -0.12928811996113107 0.6871426202547618 0.39683633580935646 
0.6733294129371643 -0.4282380938529968 -0.08419918268918991 0.06159258356134028 0.24103184574603512 0.7727634701450454 0.5839063471104647 
0.6983292698860168 -0.4032210409641266 -0.0597158707678318 0.2933943239014603 0.38755506591042044 0.665262759972004 0.5666977164097334 
0.630072295665741 -0.3673342764377594 -0.02388731949031353 -0.12919936886992922 -0.07056781743328602 0.7298191966654806 0.6676014128241994 
0.5638130307197571 -0.349229097366333 0.03619900718331337 -0.312176851113001 -0.2875154963554666 0.67261443075337 0.6061932699452882 
0.5225059390068054 -0.3529483377933502 0.02971884235739708 -0.3967235031376565 -0.3984428189636017 0.6148290653265994 0.553027126372789 
0.5424008965492249 -0.37322232127189636 0.054609011858701706 0.06924661156246398 -0.507167773494139 0.6357665937361916 0.5777426716153096 
0.5176216959953308 -0.34821030497550964 0.07921469956636429 0.3427694222085461 -0.004458660270771839 0.6837627617509723 0.6441721269894349 
0.49280938506126404 -0.3731750249862671 0.05380534380674362 0.43952359028093446 -0.26339021954743963 0.6175831279182911 0.5966872597466522 
0.5179100632667542 -0.348099023103714 0.028431976214051247 0.5103385920910475 0.1286013082599507 0.6069127222938111 0.5955444336523279 
0.5413450002670288 -0.32116398215293884 0.05413905903697014 0.006492908031924732 -0.23219438646777216 0.6913818627692313 0.6841306372849353 
0.5165959596633911 -0.34616416692733765 0.07869558036327362 0.26761981942947705 -0.384313407135189 0.6280574436190246 0.6214713869997655 
0.49384424090385437 -0.32277658581733704 0.051716044545173645 0.47082235059828786 -0.5423208494358128 0.6918640149531099 0.07442173914444969 
0.5190358757972717 -0.34788691997528076 0.07699525356292725 -0.017278201496051068 -0.6191483105870155 0.7070069114564356 0.34131812199638384 
0.5328167080879211 -0.36994102597236633 0.050470128655433655 -0.269373041942478 -0.5827996655142618 0.6291416351330713 0.4381364137950713 
0.5257725715637207 -0.34070539474487305 0.028735945001244545 -0.386600447635405 -0.5487666218749938 0.5725284624919262 0.4707509407751015 
0.5494858622550964 -0.31473103165626526 0.003508364548906684 0.06906680656588171 -0.5894650153875188 0.6026879106662816 0.5334117117215326 
0.5740047097206116 -0.3390755355358124 0.02823009341955185 0.29223635447640683 -0.559484404681119 0.5665211705909112 0.5297441621323048 
0.5509071350097656 -0.36745408177375793 0.002235311083495617 -0.13684754141957173 -0.6978566381643886 0.7027812090768288 0.019168597909785395 
0.5832126140594482 -0.3891671895980835 -0.003754465375095606 -0.33816938625615467 -0.6386785492915892 0.6426948947992175 -0.2543117163501311 
0.5739681124687195 -0.4036758840084076 -0.015500795096158981 0.08977006362148389 -0.6366260392044635 0.6424786362291479 -0.416977006408466 
0.6016017198562622 -0.3809351921081543 -0.03849712014198303 0.329881922126808 -0.6606572217050676 0.6721805685919624 0.05369577329967442 
0.6267684102058411 -0.4060799777507782 -0.013798321597278118 0.43370313177973474 -0.6023598215396959 0.6068503187465338 0.28424800705782644 
0.6166229248046875 -0.41497012972831726 -0.02961273118853569 -0.03781929117196423 -0.6302369393518774 0.632824124774518 0.4482239714640368 
0.6185939908027649 -0.4226779639720917 -0.04418564587831497 0.24603526523279076 -0.5918319873272386 0.5960400464101282 0.4836711797425332 
0.6157007217407227 -0.4234941303730011 -0.05079714208841324 0.378793254148365 -0.5522182894570605 0.5592145547415379 0.48872253187880943 
0.6228821873664856 -0.38306063413619995 -0.062109917402267456 0.4418570489253072 -0.5275816437917138 0.5389717919713294 0.4857256066013669 
0.6508146524429321 -0.4107450246810913 -0.07038924843072891 -0.03888675354822735 -0.6984180337305459 0.7143830285116143 -0.018893362141549082 
0.6111993193626404 -0.38479384779930115 -0.08982543647289276 -0.28808521754807037 -0.6464438828163149 0.6563447404410065 0.2613977725518629 
0.6320183873176575 -0.358197957277298 -0.11185599863529205 0.12074130544950873 -0.6345543249547132 0.639845331969285 0.4163655809462791 
0.6563162803649902 -0.33460739254951477 -0.08673316985368729 0.35978694437326647 -0.6569540717637932 0.6606304628993669 -0.05031991395947742 
0.6459781527519226 -0.3596779704093933 -0.06184837594628334 0.4507568983293424 -0.6081003750188635 0.6095890335389159 0.2354429075158538 
0.6645556092262268 -0.33337217569351196 -0.02948281355202198 -0.031007151503211722 -0.6964991281561851 0.6973342398346427 -0.16629034544305915 
0.6284966468811035 -0.34354251623153687 -0.026498213410377502 -0.38832288107327506 -0.14561636734267056 0.8752666240538198 0.24881629853027054 
0.6536550521850586 -0.3685847222805023 -0.0017456277273595333 0.08137950802557194 -0.3781039499342837 0.813899117811522 0.4335700690121892 
0.6301056146621704 -0.34425461292266846 0.022784287109971046 0.34484997189710537 -0.5211388396647125 0.7796892798708718 -0.03971691742726282 
0.6089633703231812 -0.3703750967979431 0.04657474532723427 0.5201521815549304 -0.01300882385325609 0.7870246458559105 -0.33145842173790147 
0.641350269317627 -0.3474315106868744 0.02035760134458542 0.533839780179671 -0.26821627664179415 0.6736396112493642 -0.43506872123601176 
0.6643275618553162 -0.3766379654407501 -0.004051865544170141 0.020331804983630117 0.1518414684371308 0.7743858091822282 -0.6138871270080104 
0.6911393404006958 -0.3535502851009369 -0.02912476845085621 0.2890934694602935 -0.19381095715028573 0.7078142538791243 -0.6147042059474125 
0.6633026003837585 -0.3275179862976074 -0.0032910064328461885 -0.14933717562289184 -0.4906837623616073 0.8547253639683182 -0.07982734820135957 
0.6153230667114258 -0.3114924728870392 -0.019794626161456108 -0.40147423887988115 0.007578806959740323 0.8417696423494334 -0.3608114000690582 
0.5947980880737305 -0.33412984013557434 0.012647759169340134 -0.5214608910653339 -0.2929585209131201 0.7969183487679167 0.0847053098144515 
0.5539771318435669 -0.3479613661766052 0.004337364807724953 -0.5205705969057616 -0.41565996753787676 0.6832520195719705 0.29899786416363294 
0.5275057554244995 -0.35987988114356995 0.03818483650684357 -0.5045934659475827 -0.4675716209391102 0.6095554018612741 0.3939599287708327 
0.5054517388343811 -0.32323789596557617 0.02332577481865883 -0.4965687488489105 -0.4890601769369376 0.5665147247809086 0.4396597407171262 
0.491066038608551 -0.3358920216560364 0.05354071035981178 -0.49219269616073247 -0.49816727027815866 0.5437032056324792 0.4625608552986331 
0.5079049468040466 -0.3004146218299866 0.034619878977537155 0.010744878766010702 -0.5757982522744639 0.6094137467432044 0.5449365151450085 
0.5279721021652222 -0.3223091661930084 0.058432720601558685 -0.30051023339656857 -0.6594327416686336 0.6886696189911121 0.024004472874141994 
0.506403386592865 -0.34715673327445984 0.03150828182697296 0.11578647091085235 -0.6647435433313852 0.6847825584983995 -0.27528596464337113 
0.5336641669273376 -0.3726835250854492 0.003931768704205751 0.31833147094362424 -0.6020144805565487 0.6130765577862347 -0.40047568478008627 
0.5586593747138977 -0.39776527881622314 -0.02128274366259575 0.4627206144496348 -0.6225995453134587 0.6286058509658602 0.055804330211138856 
0.5832799077033997 -0.37246185541152954 -0.045789510011672974 -0.030625075350215903 -0.10040667737079838 0.9254265046967386 -0.36409667439284216 
0.6093035936355591 -0.3972548842430115 -0.022269411012530327 0.25611344231709976 -0.328195604945877 0.7776170655242831 -0.4711743296956006 
0.5841970443725586 -0.37087225914001465 -0.038553763180971146 -0.1337989241778188 -0.45425920043902007 0.7012484995275308 -0.5329136596257852 
0.5556418895721436 -0.3435436189174652 -0.007878492586314678 -0.3808386124133879 -0.5746783947816724 0.7240812407218888 -0.020323648807628117 
0.5752744078636169 -0.3618242144584656 -0.005665650591254234 -0.455994289138776 -0.5579859695884442 0.6378327484010435 -0.27182761280347806 
0.5510379672050476 -0.3367871940135956 -0.03031976707279682 0.039685265124710004 -0.05027269381723096 0.9784261099064533 0.1964181341975979 
0.566556453704834 -0.3056660592556 -0.05174080654978752 -0.25748888547351184 -0.3080587896790995 0.8288677594276781 0.3895863105146248 
0.5762639045715332 -0.3241516351699829 -0.036103472113609314 -0.4855852933437139 0.12669399134723391 0.8617914423582529 -0.07396665007209918 
0.5998324155807495 -0.35026389360427856 -0.00978037714958191 0.021275029761117996 -0.25087108333877545 0.9241573849398533 0.287305065242896 
0.5727463364601135 -0.3206711709499359 -0.02769084833562374 0.27956607709518094 -0.39936523834289545 0.7656920285212148 0.4196021120061254 
0.5495602488517761 -0.2958020269870758 -0.0034057307057082653 0.4460754798516374 -0.5146506919361135 0.7306704390881598 -0.04766593130871227 
0.5755184292793274 -0.27046871185302734 -0.02373330295085907 -0.029819803022739413 -0.6009007282002106 0.7299087439801558 -0.32444155044854095 
0.6028850674629211 -0.2897089719772339 -0.015366028994321823 -0.2749650801912626 -0.5730694721885269 0.6414383412518422 -0.4295840303049695 
0.6216848492622375 -0.2592999041080475 -0.04004707932472229 0.14531094252290644 -0.6761244747828075 0.7210009877192736 0.043566045156859495 
0.6411938667297363 -0.22754864394664764 -0.0557900033891201 0.34166205188421844 -0.6199584493373028 0.6476903623865625 0.28180801597739513 
0.6663750410079956 -0.2523220479488373 -0.08024553954601288 0.4577673504659063 -0.611118992015556 0.6340792383160382 -0.12217262370051696 
0.691559374332428 -0.2775185704231262 -0.05545675754547119 0.5080450598835247 -0.5860442800844587 0.5989102474143203 0.19937109732945726 
0.6668409109115601 -0.25266391038894653 -0.08047058433294296 0.006102055658957007 -0.06576932544385808 0.8418422984360205 0.53566659902532 
0.5388171672821045 -0.23736998438835144 -0.046077340841293335 -0.3879385728636055 0.3410695012589861 0.2684492404173824 0.8130868737809176 
0.40804892778396606 -0.21366646885871887 -0.05895392596721649 0.09073008554935982 -0.07183638348828908 0.4991402161086021 0.8587587730245249 
0.43576309084892273 -0.23935310542583466 -0.07828152924776077 -0.30351548765557207 -0.42305358706855295 0.8072249086560579 0.27801431270143234 
0.4595454931259155 -0.2716628909111023 -0.08854375034570694 0.12173711685053727 -0.5662750768348791 0.8037055184340725 -0.13627197575139655 
0.432898610830307 -0.2908438742160797 -0.0644039586186409 -0.2071882714023728 -0.5803752066040863 0.7069378542775235 -0.34709726294232274 
0.4092201888561249 -0.31749072670936584 -0.08452694863080978 0.18046280790035765 -0.652202105772436 0.7303733181700538 0.09284613236955132 
0 0 0 0 0 0 0 
0 0 0 0 0 0 0 
0 0 0 0 0 0 0 
0 0 0 0 0 0 0 
0 0 0 0 0 0 0 
0 0 0 0 0 0 0 
