0.5007966756820679 -0.6008230447769165 -0.027464333921670914 -0.007516996024086173 0.31540000109335853 0.9092321730162469 0.271593795277501 
0.5267198085784912 -0.6252453327178955 -0.05052594840526581 -0.28922364134720835 0.28825030865859796 0.8656735711137159 -0.2896044079763133 
0.5422142744064331 -0.6010021567344666 -0.024932194501161575 0.14949416987312084 -0.15006737974246606 0.9659106590248723 0.14882161635096572 
0.5672304034233093 -0.6261441707611084 -0.05015594884753227 0.36820515195577186 0.19837526450525889 0.8308930868774178 0.36699986196865425 
0.5374179482460022 -0.549515426158905 -0.04116041958332062 -0.08139870945131365 -0.186058292146164 0.8205270656220428 0.5343144173658364 
0.5140901803970337 -0.5230916738510132 -0.02962782233953476 -0.31186363317245713 0.1782982525106881 0.7459723127957577 0.5607817008411191 
0.46619871258735657 -0.5192148089408875 0.011289033107459545 -0.4242445208729576 0.19310047883183776 0.68057869346371 0.5652799603624907 
0.44005119800567627 -0.541189432144165 0.0366254560649395 0.05509646024689947 -0.1822890282691823 0.7329678273882139 0.653064510025419 
0.4142138361930847 -0.5137979984283447 0.012112829834222794 -0.2501632529374235 0.17940514370380942 0.6958585993199807 0.6488551078976083 
0.4398142099380493 -0.5393775105476379 -0.013257973827421665 0.1974209853827589 -0.2508948798741758 0.9405064378981612 0.11629425633080703 
0.4501384198665619 -0.5582814812660217 -0.03133724629878998 -0.27276072655309763 -0.6773410589674667 0.3970490158077928 0.5560240596710906 
0.44800087809562683 -0.5247333645820618 -0.042349204421043396 -0.390360548601361 -0.5995312678881343 0.454697111876694 0.5305011191044594 
0.4733925461769104 -0.4998079240322113 -0.06595456600189209 0.07633593640242764 -0.7550720331228807 0.6510685085425714 0.012200278414683515 
0.4983251988887787 -0.5249724984169006 -0.09107227623462677 0.3080644276414699 -0.6716359058491932 0.6156391899042153 0.27384284955088567 
0.521970272064209 -0.49907657504081726 -0.06587807089090347 -0.10667382310372932 -0.6494902894062449 0.6186515643916818 0.42901433694825586 
0.51937335729599 -0.46461790800094604 -0.030645372346043587 -0.31070776879746725 -0.5896835561825755 0.5740021644253899 0.47566322247125514 
0.500831127166748 -0.43021857738494873 -0.035384632647037506 -0.4053838926303517 -0.5524689509442365 0.5434361249300314 0.48489084953159256 
0.4760535657405853 -0.40515345335006714 -0.010672850534319878 0.05803225552591582 -0.5964161544798182 0.5889754436784916 0.5422434460072381 
0.5021656155586243 -0.4310455322265625 0.013753225095570087 0.3392167262942577 -0.6672086128403287 0.6626576775862763 0.025484934566407186 
0.5285406112670898 -0.45775115489959717 0.036656301468610764 -0.09347918731883122 -0.6780745922839739 0.6749713167832198 -0.27548177862983975 
0.553604006767273 -0.48293954133987427 0.011757910251617432 0.23433143171760648 -0.6820261151157088 0.6802585302759827 0.1310629253302048 
0.5775569081306458 -0.5074412822723389 -0.013154773972928524 -0.1474866340214666 -0.6546412230568931 0.6538206234318859 0.34958711966365874 
0.6031416058540344 -0.48289570212364197 -0.03741941973567009 0.2102005406371675 -0.6883858547991765 0.6883073340568826 -0.0904083044402263 
0.6284018754959106 -0.45824453234672546 -0.012525509111583233 0.48762550523858456 -0.12971364250159337 0.8165180364019151 0.2805245690133839 
0.6534855961799622 -0.4334128201007843 -0.03781619668006897 0.5313172109263192 0.1990206144975936 0.7083755338440348 0.41987726710272855 
0.6285851001739502 -0.4584181308746338 -0.0631602555513382 0.5249998278487568 0.35573452038034215 0.6152521087385782 0.468287277705979 
0.6535636782646179 -0.4834073781967163 -0.03858659788966179 0.5147793717851513 0.4297274104972586 0.5601563122546737 0.4863758391337407 
0.629002034664154 -0.50914466381073 -0.061302777379751205 0.013882231669092136 -0.0661550498697404 0.9976309848201395 -0.012775411829631133 
0.6580630540847778 -0.5337198972702026 -0.048306699842214584 -0.27716639721350805 -0.32308851890796714 0.8560576702055299 -0.29318571330782833 
0.6211615204811096 -0.4954993724822998 -0.038856327533721924 -0.4341226959810422 -0.4621206904780881 0.7647560395019237 0.11458687669859337 
0.5547552108764648 -0.4956405460834503 -0.024086512625217438 -0.4701662509539735 -0.5036918985874086 0.6565841200960268 0.30681502733572785 
0.5272506475448608 -0.5061823725700378 0.019926153123378754 -0.47908649716092266 -0.5188003280523863 0.5905323256768589 0.3906327177560709 
0.5139464139938354 -0.47663602232933044 0.010596773587167263 -0.6596732929599801 -0.023537008604035087 0.7459949692896615 -0.08814001120845592 
0.49689799547195435 -0.4921620190143585 0.0034524512011557817 -0.6264312009347921 -0.29009506596172924 0.688481066034307 0.22231199902910886 
0.5273309350013733 -0.46678152680397034 -0.02013564109802246 -0.07732943162419065 -0.5435673191436244 0.8123064924340018 -0.19675591709847542 
0.5513677597045898 -0.48981788754463196 -0.041125550866127014 -0.36083297656685887 -0.026933208538982567 0.8240663870594681 -0.43587699528473767 
0.5265791416168213 -0.5148895978927612 -0.06516634672880173 0.09831760039572524 0.33423849998128974 0.93624667944421 0.04539195757372366 
0.5517718195915222 -0.5402569770812988 -0.09017007052898407 0.3238239827243442 0.45149690362018285 0.7773407902019116 0.29500825432892347 
0.4270668625831604 -0.490378201007843 0.02851208485662937 -0.2042934228537412 -0.057109576838180465 0.32253155837063896 0.9224836515988095 
0.44677025079727173 -0.514457643032074 0.004994369111955166 -0.539322947200195 -0.3726646888029654 0.6737638358201182 0.3410191811081095 
0.47217342257499695 -0.539504885673523 -0.020161308348178864 -0.025106675449577787 0.08618500774232446 0.8107047276122055 0.5785323188168011 
0.49602439999580383 -0.5128304362297058 -0.03983451798558235 -0.28091423941089844 0.3129478687353656 0.7006888331176351 0.5763557761438987 
0.5212884545326233 -0.48816776275634766 -0.06456167995929718 0.17879352566730847 -0.15031170491061668 0.9703914786706037 0.06147881480474844 
0.5459866523742676 -0.5133944153785706 -0.08966640383005142 0.3703181491037207 -0.3548365071144433 0.8019412623420575 0.3063425099728133 
0.5369197130203247 -0.5150197148323059 -0.09469220042228699 -0.07377760270236722 -0.48599538968829076 0.7404634315152524 0.45834403359253556 
0.5003325343132019 -0.4632642865180969 -0.08449197560548782 -0.2919503792212713 -0.5112657666332026 0.6464521440395161 0.48525448726233583 
0.5256657600402832 -0.4883473813533783 -0.059648893773555756 0.14614684023081723 -0.015881575741303097 0.7629216241895203 0.6295549793199523 
0.5508694648742676 -0.46358174085617065 -0.0847458466887474 0.4262051049691683 -0.34083584517314436 0.8335907911677134 0.08547823128559752 
0.5759245157241821 -0.4386114776134491 -0.1099342405796051 0.5343814643087287 0.09169685342550445 0.769431007158029 0.33764487690308864 
0.5894248485565186 -0.4059551954269409 -0.12522317469120026 0.021719079078092438 -0.2593926662903258 0.8058747872276741 0.5317984144293268 
0.6125285625457764 -0.38122978806495667 -0.09596796333789825 0.32880257167174215 -0.4726942550949176 0.817435870141967 0.01573557331510759 
0.6378538608551025 -0.3558781147003174 -0.06732827425003052 -0.11974652144928268 0.019057188646450857 0.9241212165656665 0.36235006727594593 
0.6141926646232605 -0.3811948895454407 -0.04303618147969246 0.24481501099416217 -0.3092223358541239 0.9147133477681904 -0.08801504880165456 
0.588891863822937 -0.35721442103385925 -0.06718484312295914 0.4050563962765061 -0.44014582686581705 0.7693336364189116 0.224336182553217 
0.619070291519165 -0.33353546261787415 -0.06452389806509018 -0.05887885716612128 -0.5854142768362386 0.7900665674207941 -0.1720994587412735 
0.6293131709098816 -0.31381547451019287 -0.05874917283654213 -0.35293928659475315 -0.053082234923294946 0.8293163270678391 -0.42994251472986916 
0.6543928980827332 -0.338595449924469 -0.03410118445754051 0.0936994401504007 -0.32232610878939666 0.7734425324665969 -0.5376922386271207 
0.6791717410087585 -0.366482675075531 -0.056448016315698624 0.3379505721862511 0.10142166228368442 0.7255552728056949 -0.5908236651340683 
0.7079511284828186 -0.38705387711524963 -0.0751592218875885 0.543431040902595 -0.25912453863005663 0.7963659770026436 -0.05777895755296881 
0.7306368350982666 -0.41350191831588745 -0.10206910967826843 0.5564626155320929 -0.40349983090696695 0.6874429481306383 0.2344342915161684 
0.7556209564208984 -0.39061611890792847 -0.12764757871627808 0.5737393903065768 -0.48893330277250885 0.6409937613259963 -0.14454873016306835 
0.7290565371513367 -0.3625904619693756 -0.1018027663230896 0.6691687324012502 0.007443132550091503 0.7098934964263448 0.21956555077225817 
0.7175878882408142 -0.32723984122276306 -0.06544332206249237 0.11418212897238762 -0.3282967625448022 0.8075428635302782 0.47650624412199827 
0.7369718551635742 -0.2954229414463043 -0.04396963492035866 0.35845550592172937 0.09735994133236278 0.7468841319836392 0.551538562105318 
0.7581556439399719 -0.275307834148407 -0.0670614093542099 -0.10373938084783414 -0.31316889894280797 0.9430762844875292 0.042077348222697604 
0.7463895678520203 -0.2720715403556824 -0.035523831844329834 -0.3333501569317569 -0.45901322341864464 0.7881800236750468 -0.2386562043610036 
0.6186696290969849 -0.3314807116985321 0.0022612831089645624 -0.4798094396100146 0.012271082759823885 0.762778886627259 -0.4333597723655303 
0.5966359972953796 -0.3243464529514313 0.0009396144887432456 -0.5603998595468066 -0.31256580016524943 0.7656543806532468 0.04503318080560252 
0.5598666667938232 -0.3571094870567322 0.002625176450237632 -0.5416471540701271 -0.43408014946058 0.6621223197491681 0.28246560502474083 
0.5151511430740356 -0.319521963596344 0.005985329393297434 -0.5889817222315175 0.025177487078165407 0.6744887320423426 0.4444452445122317 
0.5413025617599487 -0.3030737340450287 0.010210715234279633 -0.550987095188802 0.268681388214817 0.6205900935643687 0.4889698030882204 
0.5310952663421631 -0.2992461621761322 0.003924408927559853 -0.6707941471110355 -0.1595003897508309 0.7242821380721364 -0.003197239522828157 
0.6736969351768494 -0.3291855454444885 -0.001181256608106196 -0.1041985480612899 -0.4531973190197693 0.8204945643929713 -0.3324808602262702 
0.6709876656532288 -0.3642744719982147 -0.014532460831105709 -0.3727513069540372 -0.5345616882478245 0.7494489984148683 0.11673244363348022 
0.6315419673919678 -0.35064586997032166 0.06952038407325745 0.2087355353713722 -0.06939609435485572 0.365419479765502 0.9044790004026786 
0.560017466545105 -0.33483800292015076 0.08636441826820374 -0.15292737004450951 -0.3098249806760859 0.5071824595556449 0.7895490190985099 
0.5497622489929199 -0.3094063401222229 0.11071512848138809 -0.32226373813676584 -0.4192577823321756 0.5357318521013529 0.6583011299398462 
0.5611488819122314 -0.2826627790927887 0.07409214973449707 -0.461945000380427 0.03775808566782696 0.595620683797609 0.656061845120334 
0.582782506942749 -0.2717192769050598 0.08684374392032623 -0.6090369269582282 0.33853342736783165 0.7101296340127483 0.10092097429566844 
0.6649906635284424 -0.24699567258358002 0.043317150324583054 -0.07935989084670093 -0.13764702700271095 0.9402460204722869 -0.3011523280138187 
0.7725185751914978 -0.23982885479927063 0.04130179062485695 0.22135327406942024 -0.3908675728354034 0.88339945890185 0.13353151154849996 
0.7181296348571777 -0.21890588104724884 0.07814017683267593 -0.16309510271652544 -0.5046328921049789 0.7636480024443132 0.3682218896785753 
0.7480401396751404 -0.2669999599456787 0.011595943942666054 0.23542922143445127 -0.008489563373363814 0.8083121112748501 0.5395669928515755 
0.748225212097168 -0.2864992320537567 -0.011682138778269291 -0.15500375390480714 0.2647369409638431 0.7360313415025739 0.6034451530093238 
0.6992977857589722 -0.3100440800189972 0.026334533467888832 -0.39934287191072354 0.4777900595943043 0.7795920383256408 0.06691923031714622 
0.5971434116363525 -0.3132791519165039 0.041491881012916565 -0.5198227179342046 -0.016607701135754795 0.777839688707377 0.35280865189801214 
0.5567343235015869 -0.33660951256752014 0.08080984652042389 -0.5080015222267613 -0.27221735151664034 0.6857983570325733 0.44442409975155756 
0.6070005297660828 -0.37764638662338257 0.038725174963474274 0.007651300213792473 -0.4611811597824966 0.6997866010506302 0.5454833713842394 
0.6522192358970642 -0.3655129075050354 0.04781101644039154 0.2621656808118871 -0.5025712729924641 0.6166886280839211 0.546247569659715 
0.718776285648346 -0.3647294044494629 0.026957770809531212 0.4464041683111144 -0.005134281926219801 0.6483990682842729 0.6166649056916172 
0.649048924446106 -0.3055679202079773 0.04043005406856537 -0.03101802571158775 -0.3140021305860223 0.6699496650119079 0.6720178497769432 
0.5872253179550171 -0.2698103189468384 0.04405420273542404 -0.2595237511634983 -0.42383811423966294 0.626335769161086 0.6005931899124264 
0.649711012840271 -0.3184487223625183 -0.02629765309393406 0.16837529109782354 0.0405278077796672 0.7162546334165324 0.6760078093140983 
0.689156711101532 -0.3562198579311371 -0.004346798174083233 -0.24816893067947635 -0.3581594307310632 0.8887080793268803 0.1425901601196006 
0.7091400027275085 -0.34226083755493164 -0.002794083673506975 -0.409911961366981 -0.4741228883555122 0.7557233839204557 -0.1898995462383126 
0.6353042721748352 -0.37446779012680054 0.009320728480815887 -0.4855252886759676 -0.5302177208537203 0.6735474511298168 0.17166302346554335 
0.7504862546920776 -0.4285717010498047 -0.04281768947839737 0.029174263555022496 -0.6520319154491903 0.7257738683562472 -0.2173833838932745 
0.8256155252456665 -0.46272265911102295 -0.03410041332244873 -0.2552125528398185 -0.6157627233044347 0.6515231315969018 -0.36224360650790705 
0.9069311618804932 -0.47390016913414 -0.07269804179668427 0.12617841408541233 -0.6106102849796149 0.6339323856792405 -0.4575629116121961 
0.857333242893219 -0.4415454864501953 -0.08888348937034607 0.3553274531976302 -0.6492141867279634 0.6716264517548065 0.03436931856298117 
