0.5007966756820679 -0.6008230447769165 -0.027464333921670914 0.3860290681480558 -0.48756745412549085 0.6423969049025108 0.44786800822787703 
0.5261755585670471 -0.5750497579574585 0.002589381067082286 -0.28939840683248635 0.2884244860005317 0.8661966606545408 0.2876859799661257 
0.5512873530387878 -0.600259006023407 0.02735128626227379 0.11919026610551481 0.44367032416943103 0.7693862159465286 0.4438413845379568 
0.526630163192749 -0.6257619857788086 0.0020660755690187216 0.4375287315323506 -0.03986961972426692 0.8974299410030062 -0.03998153946605232 
0.5517322421073914 -0.600700318813324 -0.022803891450166702 -0.04028738033004708 0.29819405944220495 0.9057842566192077 0.2983489741231066 
0.5267713665962219 -0.5759598612785339 0.0019227901939302683 0.27163047878289 -0.11923895543166109 0.8303696113525316 0.4716834352041523 
0.5509897470474243 -0.5495561361312866 -0.02253226563334465 0.4015245583708763 -0.32210369456125654 0.6924657399429442 0.5054883163638227 
0.5762578248977661 -0.5748555660247803 -0.04745422303676605 -0.0676648261874621 -0.5657914411977711 0.8217616417686187 0.0030529464643778755 
0.6047345399856567 -0.5472525954246521 -0.03450174257159233 -0.3048911875391776 -0.5734507675710173 0.7117736971606279 -0.2675327736249377 
0.6301610469818115 -0.5725868940353394 -0.05914231017231941 0.15866008925957786 -0.058727711039925586 0.9678103477625443 0.18633615536416204 
0.5824359059333801 -0.5501739382743835 -0.007429641671478748 -0.19537947621062085 -0.3198818121458349 0.8399772020834224 0.39235288518636613 
0.5331342816352844 -0.49145635962486267 -0.0036107399500906467 -0.3480985489443814 -0.4268147558110936 0.704866804501924 0.4470115796665443 
0.520684003829956 -0.4550713896751404 0.03156093880534172 -0.4194433184111802 -0.4750507598498709 0.6182801583431594 0.4648910883265406 
0.4976120889186859 -0.48083215951919556 0.005945798475295305 0.05917836318733039 -0.656629595196721 0.7511774503694506 -0.032679260987825046 
0.523842453956604 -0.5065128803253174 -0.020379574969410896 0.37796429435573753 -0.10628325213033718 0.8462526880343022 -0.36014337492655174 
0.5491622686386108 -0.4817318320274353 -0.04602210968732834 0.5285825434410042 0.23698924005755384 0.8108374969573319 0.08354129753810999 
0.5745413303375244 -0.5068700909614563 -0.019620485603809357 0.01973592009909559 -0.1808633689087715 0.8984229853717662 0.3996687060560221 
0.535916268825531 -0.49488377571105957 -0.017430821433663368 -0.2577907586539786 -0.36588851766898245 0.7520491680864411 0.48383010052196296 
0.5611791014671326 -0.5200071930885315 -0.042338334023952484 0.1668730834470177 -0.5574571498952435 0.8128325558992197 -0.02642226564658292 
0.5820605754852295 -0.5419092178344727 -0.016008589416742325 -0.23223933013799103 -0.04024797521156702 0.9142575156888023 0.3295120468738065 
0.6073912978172302 -0.5172626376152039 -0.04115862026810646 0.15655327261977933 0.26725153127965523 0.8209980858246473 0.47961425639046823 
0.5242920517921448 -0.493845134973526 -0.03054206818342209 -0.2024741744670857 -0.1374934755805945 0.7790800421397331 0.5771776509760164 
0.5030622482299805 -0.46684321761131287 -0.025395145639777184 -0.44847788429217283 0.244191554239191 0.8590080496962067 0.036650275526715 
0.5200474858283997 -0.49097010493278503 -0.012910325080156326 -0.4999276390477373 0.3932128842854832 0.7178371776994217 0.2831356029547951 
0.5449601411819458 -0.5161030292510986 0.011826064437627792 0.002714688565792682 -0.07144316583482373 0.839716616069892 0.5382977886055436 
0.568507730960846 -0.5387155413627625 0.0373542383313179 0.2704731403883777 -0.30759320215176883 0.7212262069348986 0.558626405345083 
0.588354766368866 -0.5071470737457275 0.015961822122335434 0.39261580949114716 -0.41084033925120905 0.6224567632376671 0.5381548287261292 
0.6031374931335449 -0.47140032052993774 -0.001083291252143681 0.4489122267653289 -0.45690441672415744 0.5656472904530742 0.5193835860341055 
0.6282526850700378 -0.4466173052787781 -0.026173720136284828 0.5517546402175653 -0.5548979706776763 0.6225765263887102 0.007316278148720214 
0.6525835990905762 -0.472115695476532 -0.04994247481226921 0.650622614353221 -0.034054462383062215 0.6946901575798726 -0.3048542147414603 
0.6302160024642944 -0.5034143924713135 -0.08282412588596344 0.0996186892907522 0.30535095624516473 0.785140376061206 -0.5295200658545662 
0.6054694652557373 -0.47826650738716125 -0.057229384779930115 0.4206899207451322 -0.1373964784728813 0.8965429099601502 -0.01878853072732506 
0.6308953166007996 -0.4541085660457611 -0.08145751059055328 0.4970806035311163 -0.34318230527495525 0.7533596868306733 0.25997300090143644 
0.5971396565437317 -0.4246810972690582 -0.1022462323307991 -0.0014730715458873991 -0.49865108463826113 0.7412594521771658 0.44930986012696666 
0.618228554725647 -0.4534030556678772 -0.11001033335924149 0.2990715267172955 -0.5965694115525428 0.7439995361228732 -0.03355367872213945 
0.643237829208374 -0.4789302349090576 -0.1318291276693344 0.41706483454966414 -0.5721575368669916 0.6486960346559046 -0.27908086894315054 
0.6697602868080139 -0.5086872577667236 -0.14957301318645477 -0.04710119060785669 -0.6107448547192537 0.6539632185162056 -0.443964310621029 
0.6612316370010376 -0.5204248428344727 -0.1263333261013031 -0.3229980791939601 -0.6551441827106297 0.6821773098196429 0.03305236246728111 
0.6335828304290771 -0.5400582551956177 -0.14618019759655 0.10869768431850217 -0.6648916272863741 0.6842873511896306 -0.2790246555237584 
0.6434620022773743 -0.5150579214096069 -0.08619075268507004 -0.2266156057409836 -0.6768100799784855 0.6884350082139957 0.12896015795414853 
0.5696492195129395 -0.504141092300415 -0.07130669802427292 -0.37396866830584513 -0.6096992232095233 0.6203110778213787 0.32191374477542306 
0.5383362174034119 -0.5174239277839661 -0.08546723425388336 0.10748084590500183 -0.09264201974732851 0.8196029525169223 0.5550822679263179 
0.5007597804069519 -0.4443921148777008 -0.0710071325302124 -0.21419352732878932 -0.31930632378535856 0.7247181652584623 0.5717938311887765 
0.5222455859184265 -0.46335142850875854 -0.06011373549699783 -0.41978261410633394 -0.493568292325689 0.7612735742978657 0.02520799040995079 
0.5460916757583618 -0.4870123863220215 -0.08292971551418304 0.061802436385807895 0.004487567706405713 0.920929765818293 0.3847709539748586 
0.5710721611976624 -0.5115001201629639 -0.0580371618270874 0.34797891789150714 -0.305651904995817 0.8832312692946828 -0.07341737270964831 
0.597213864326477 -0.4868607521057129 -0.02584429644048214 -0.08835640427855825 -0.4715160915288696 0.8106075900384764 -0.3358289091551175 
0.5732587575912476 -0.4620031714439392 -0.052333980798721313 0.22046484518006054 -0.5159970175343815 0.6979195515683566 -0.44502879623006303 
0.5480843782424927 -0.4374476671218872 -0.02755502611398697 0.4168138808030768 -0.5875176910147746 0.6928765618315502 0.03179971036088917 
0.5733155608177185 -0.4123939275741577 -0.052401162683963776 -0.049297705169503235 -0.6391513401680011 0.7010465609152592 0.3123924135688265 
0.5981632471084595 -0.4373604357242584 -0.07754809409379959 0.23782611511629473 -0.6000497054620031 0.6327254807933975 0.42782888623656334 
0.5719739198684692 -0.4111095070838928 -0.10173679888248444 0.3735787402058117 -0.557189745039886 0.573786640597808 0.46983763574250575 
0.5378149151802063 -0.4269739091396332 -0.11700157821178436 0.4381719171490401 -0.5303516536261861 0.5391109147450959 0.4858929060200516 
0.538759171962738 -0.41119450330734253 -0.10367880761623383 0.5477099698650076 -0.018073291753199418 0.610440776755806 0.5718821584115423 
0.47582992911338806 -0.4315333664417267 -0.1060204952955246 0.5389186516356035 -0.2659982427139881 0.5820683589264237 0.5477299036286344 
0.5010223984718323 -0.40674883127212524 -0.08119772374629974 0.6155228953242688 -0.44749419422292425 0.6484089418203057 0.021127130327534323 
0.4797437787055969 -0.38720425963401794 -0.08991894125938416 0.07351509996413826 -0.6041746387782889 0.7323908444646743 -0.3052411945965161 
0.4589310884475708 -0.36206141114234924 -0.03700273483991623 -0.3177557846797643 -0.07457681666276934 0.9339851234851826 0.1454006493361128 
0.48298579454421997 -0.33343109488487244 -0.05810770019888878 0.11188272398955404 -0.3410401519968255 0.8505896477430254 0.3842800046204013 
0.5111970901489258 -0.35772886872291565 -0.07765858620405197 0.3515226490540779 0.09334758024507739 0.7806598084994375 0.5082207393033209 
0.52964186668396 -0.32441025972366333 -0.04573562368750572 -0.09108839083254071 -0.239490091775949 0.7607719457916363 0.5962997966569279 
0.5133655071258545 -0.31372174620628357 -0.02305668778717518 0.27460164072997495 -0.4878636438040041 0.3989226651434213 0.7262532004731926 
0.5298846960067749 -0.3249875605106354 0.01947713829576969 0.3943642717684295 -0.4970940332212302 0.4730337838782171 0.6112392187992056 
0.5554348826408386 -0.2864186763763428 0.009570780210196972 0.5365843391321006 -0.595484749190528 0.5944777166236862 0.06380756160165843 
0.581533670425415 -0.3120976984500885 -0.015387210994958878 0.013948782443686593 -0.6742404868389368 0.6861802379162283 -0.2726937448288114 
0.6096994876861572 -0.290047287940979 -0.04011479765176773 0.33912167088297607 -0.11206668119171644 0.7827111698902598 -0.5097065585542659 
0.6366928815841675 -0.3131042718887329 -0.05151159316301346 -0.11881116133257069 0.2875501775135764 0.9503569115830911 -0.004532544645731484 
0.6104850769042969 -0.2863213121891022 -0.07487119734287262 0.24173753302946369 -0.1339238908737753 0.9096079369381251 0.3102269453758424 
0.632414698600769 -0.3070412278175354 -0.08845255523920059 0.39107839221453394 -0.3338481657978959 0.7445979728158569 0.4256488602296407 
0.6529175043106079 -0.27844861149787903 -0.04928348958492279 0.44859815869358777 -0.42030142275967924 0.6349377369505989 0.46793212781231874 
0.677959680557251 -0.26168471574783325 -0.06142887845635414 0.5314248140847371 0.047664697667091534 0.6461958377234772 0.5456616926999376 
0.7021487951278687 -0.26200059056282043 -0.023531680926680565 0.5236231040578343 0.28198187395898844 0.5955714620504229 0.5399997233763527 
0.7292938232421875 -0.2757166624069214 -0.04037449508905411 0.5022720171941317 0.38869596383038124 0.5616425078973003 0.5302791357092412 
0.6901626586914062 -0.2699381113052368 -0.018595585599541664 -0.022289163274661176 -0.0874319174756024 0.7146814517564387 0.6936059944394687 
0.7138746380805969 -0.24496088922023773 -0.04184101149439812 0.34485612449096936 -0.3841366113689612 0.848139161490942 0.11905158525816728 
0.7370113730430603 -0.26921501755714417 -0.015303406864404678 -0.0921396045325685 -0.5287568841099111 0.8114866460114011 -0.2311187446489943 
0.6554686427116394 -0.3148707449436188 -0.01611163839697838 -0.3651427862002153 -0.016963753061756664 0.812844328674327 -0.4535053187229303 
0.6788785457611084 -0.34365421533584595 0.008508322760462761 0.09798005384142612 0.27438208476352466 0.7794890668698925 -0.5545369016038133 
0.701524019241333 -0.36804383993148804 0.03310892730951309 -0.25829423550397007 0.4991413598520626 0.8264723530249959 -0.03294602367176076 
0.699100136756897 -0.37948647141456604 0.01954459771513939 -0.4010497774210655 0.5303836994320702 0.7044062154805074 0.2483225543515816 
0.7242114543914795 -0.3543725907802582 0.04417189583182335 0.09469632214462659 0.03241943492441588 0.9746041676493077 -0.20032050122756462 
0.7490745186805725 -0.3294960558414459 0.019022701308131218 0.3534850614825879 -0.2770294195054417 0.8754783370154351 0.17843960730123118 
0.7739856839179993 -0.35474592447280884 -0.006274162791669369 0.4442611289035117 -0.4046562971992679 0.7167844607529167 0.35370237107701963 
0.6904144287109375 -0.3421928882598877 0.049005813896656036 -0.03236249962539267 -0.5194209173317057 0.6990401792633012 0.4904053497177794 
0.7158184051513672 -0.3173910081386566 0.02393169142305851 0.3065970795739488 -0.010992494582647797 0.7515073795674394 0.5840497019220683 
0.7393112182617188 -0.3416844308376312 -0.00036003952845931053 0.42200880441314587 -0.26771469803250647 0.6548946055044758 0.5668778220536489 
0.7644912600517273 -0.3168785572052002 -0.025200001895427704 -0.05626733313359989 -0.5514552757271659 0.8309332852884853 0.04775920324285762 
0.6708741784095764 -0.2859923243522644 -0.013162831775844097 -0.2974952706826384 -0.5628866288278647 0.7130825306208135 0.29354473514556867 
0.6094880104064941 -0.30493074655532837 0.036051347851753235 -0.38643725484176283 -0.5503615158832211 0.6305869093239995 0.38746432054357133 
0.6341023445129395 -0.329489141702652 0.06082432344555855 0.07715000547600495 -0.593882538966816 0.6399782925585293 0.48143451436228624 
0.6182881593704224 -0.29551923274993896 0.09158492833375931 -0.22173320685432366 -0.5736080531820014 0.597867651642393 0.5141618980656408 
0.6266340017318726 -0.3167983889579773 0.13973751664161682 0.27665338032296866 -0.07424401005490278 0.10355501705172557 0.9524846941396272 
0.5811656713485718 -0.308173269033432 0.16282698512077332 -0.1313478478406586 -0.33228023023345316 0.36246588643532435 0.8607880532595032 
0.5647590756416321 -0.2657448947429657 0.1981283724308014 -0.3206416386287482 -0.4233546569757085 0.4605761151120791 0.7112168559467053 
0.5899577140808105 -0.2907384932041168 0.17284655570983887 0.14072194707195515 -0.6705182855699166 0.7120077208458431 0.15377765697449597 
0.6154686808586121 -0.2660401165485382 0.14755292236804962 0.41909730018485974 -0.11159261637270411 0.7929060025015132 0.42802407893239636 
0.5905247926712036 -0.2910594642162323 0.17217379808425903 0.4744683863279246 -0.31601378599160457 0.6675072530389289 0.4790084598199192 
0.6136385202407837 -0.3145561218261719 0.19713588058948517 -0.014806796283293415 -0.47194343236778025 0.6754856925802998 0.566364930542187 
0.6077624559402466 -0.28053367137908936 0.17218558490276337 -0.2653532637540663 -0.5031876774047558 0.6096582110466522 0.5520024206708409 
0.6300375461578369 -0.2576451897621155 0.14585353434085846 -0.44772961169725706 -0.5967985006172573 0.6653251384214216 0.02668716273666705 
