0.5007966756820679 -0.6008230447769165 -0.027464333921670914 0.5243673899117945 0.21748563571641594 0.7355250962483748 0.3697859805927444 
0.5258975625038147 -0.6262059807777405 -0.0025942418724298477 0.28817778141748157 0.2885354282574692 0.8665298425345445 0.2877966381572845 
0.5356904864311218 -0.5855256915092468 0.027969153597950935 -0.13197781136068024 -0.13187038908959825 0.8513010044427591 0.4903862331107512 
0.5608925819396973 -0.6106462478637695 0.05278187245130539 0.2142425804416282 0.21077089707247149 0.7725582004797602 0.5593116953403109 
0.5840433835983276 -0.5823798179626465 0.029426496475934982 0.39096628384939636 -0.1584984342261147 0.6969219648894963 0.57993394976965 
0.5917747616767883 -0.535916268825531 0.019988784566521645 0.45598473982257054 -0.3358985291199581 0.6127433253421443 0.5511766617271114 
0.5571592450141907 -0.4702080190181732 0.02022557705640793 -0.02360975355338955 -0.47684102512766996 0.6447502480431349 0.5969609149187718 
0.5323317050933838 -0.4452081024646759 0.04503412917256355 -0.39980190569740803 0.01572911221559182 0.9147426609792912 0.05618625645258756 
0.5331751108169556 -0.46214157342910767 0.025400202721357346 -0.4909684462530298 -0.2642604746592916 0.7725273347139795 0.30383861413001284 
0.5085201859474182 -0.4372343122959137 0.05015230551362038 0.010865937964085578 -0.45404024055653147 0.756469174769102 0.4706206316893484 
0.5354023575782776 -0.4135626256465912 0.024321388453245163 0.3077759027701215 -0.5752789339154204 0.7576299751010992 -0.018026721706458877 
0.5605108141899109 -0.4386271834373474 -0.0008862541290000081 0.5136887002849752 -0.04825189206131524 0.7998043085732642 0.30677148188786874 
0.5858357548713684 -0.4138745069503784 0.024191364645957947 0.00847726561637893 0.2829464443973023 0.814883027721353 0.5058014399962442 
0.5626794695854187 -0.4401053488254547 -0.002124139806255698 0.356838550961729 -0.1520183456782406 0.9217045692975895 0.004166300604792619 
0.5876776576042175 -0.4645102322101593 -0.02693583443760872 -0.09224333402174636 0.2239327992234403 0.9162048482557767 -0.3192396353730469 
0.6128806471824646 -0.4397522807121277 -0.0019253207137808204 0.26995279761865104 -0.18286588163108433 0.9376536331037494 0.12037948629433963 
0.5870807766914368 -0.42135506868362427 -0.028534166514873505 0.45151252609643366 0.18618238710980964 0.8437253250623935 -0.22271087390710995 
0.6084581613540649 -0.44749021530151367 -0.0018167690141126513 -0.032296460527608185 -0.2245026046864472 0.9532637264717297 0.19960908526322305 
0.5836350917816162 -0.47229769825935364 -0.02693995274603367 0.1643062881192045 0.1488634895475621 0.9544306546907471 -0.19976293587851537 
0.6066222190856934 -0.44465717673301697 0.001878164941444993 0.3995716112384652 -0.21076717297527328 0.8736472340098885 0.18072143424391882 
0.6341811418533325 -0.4244152903556824 -0.022417347878217697 0.4943706095364574 -0.3884099794521999 0.7581148372563163 -0.17319723387029654 
0.6599783897399902 -0.4548811912536621 -0.04637893661856651 0.5105548036090259 -0.4547193999648862 0.644176368112859 -0.342929827475315 
0.6856438517570496 -0.43041056394577026 -0.021740643307566643 0.5598278199819611 -0.5268627747502741 0.6332605478199184 0.08938404293554711 
0.6594183444976807 -0.4550362825393677 0.003586194245144725 0.03607564971007564 -0.6256628122067228 0.6911788924652548 0.35988377503032115 
0.6278428435325623 -0.47437146306037903 -0.018497709184885025 0.2782091174289628 -0.5840174552722686 0.6193165871090702 0.44493849445544126 
0.5836734175682068 -0.4204106330871582 -0.016398565843701363 -0.12050598891165283 -0.5907728562659988 0.6116728098685148 0.5121739085538171 
0.5521003007888794 -0.4280158281326294 0.025623351335525513 -0.31014762096217546 -0.5631433432740764 0.5775610034624822 0.5030917564590074 
0.5222266316413879 -0.3699609041213989 0.03242110460996628 -0.47815656529228673 -0.04532233157887326 0.6512950266826887 0.5874750833410161 
0.5399678349494934 -0.34671738743782043 0.009150214493274689 -0.5973655979450767 -0.3314345842212502 0.7285124182174516 0.05074559366850603 
0.5652767419815063 -0.32177406549453735 0.03399793058633804 -0.05885237999318807 -0.5247026094550781 0.7753825141373046 0.3464181371843598 
0.5905202627182007 -0.2964337170124054 0.06001080200076103 -0.3220784281393643 -0.5903571918053918 0.7347406805589961 -0.08888196972745024 
0.6181317567825317 -0.2702938914299011 0.03420614078640938 0.10154520040589902 -0.6198642616965285 0.7024703705504768 -0.3346524284158406 
0.5932434797286987 -0.29490530490875244 0.009249303489923477 -0.31037874079129113 -0.09287219214880657 0.9371592897335985 0.1295077559696901 
0.6210818290710449 -0.3192654252052307 0.03347749263048172 0.22439971283951513 -0.7010451621925464 0.5165680922025143 -0.4374218279444043 
0.6460542678833008 -0.34360620379447937 0.00891071930527687 -0.17287649875681504 -0.7510528068293596 0.636004290935486 0.03913999799406255 
0.6714121699333191 -0.318754643201828 -0.016028838232159615 0.2482204048100864 -0.18999159468797128 0.857936871945929 0.40771822174079125 
0.6200290322303772 -0.3336913287639618 -0.029651213437318802 -0.14071020363562203 -0.3854340914818144 0.7583081350020382 0.5065668486055329 
0.5662010908126831 -0.2932997941970825 -0.019908752292394638 -0.3241762101401459 -0.4550908159620426 0.6516031904191018 0.5130452380071586 
0.5435622930526733 -0.3187391757965088 0.004290606826543808 0.13090770585207656 -0.6282262149411206 0.7669208237389477 -0.005238847666559737 
0.5695303082466125 -0.29427018761634827 0.028701214119791985 0.41916502564697206 -0.08535334512787235 0.8416277297041314 0.32966384749153976 
0.5943997502326965 -0.2692963778972626 0.0034285117872059345 0.4794594593359052 -0.30567638088096377 0.6995891503833424 0.43273039838998006 
0.5710946917533875 -0.29929158091545105 -0.0223994180560112 0.5606364222767191 -0.4610853760631881 0.6867344685106208 -0.03850776229364695 
0.5960512161254883 -0.3242071568965912 -0.047217901796102524 0.5537439543256514 -0.5012121299689184 0.6198064886959934 0.24081933142950634 
0.5710158944129944 -0.34908732771873474 -0.07157578319311142 0.675967845133481 -0.0005750752163758688 0.7179119197492811 -0.16634186819918725 
0.5960131287574768 -0.3746143877506256 -0.04730990529060364 0.20123756557969902 -0.5701580153163047 0.24665385121258682 -0.7573540502645562 
0.6210634112358093 -0.34955668449401855 -0.0726904422044754 0.6633108044508437 -0.06600512983205474 0.70462311203558 -0.24324549229106568 
0.646661102771759 -0.37514910101890564 -0.09674971550703049 0.6513476247125866 -0.3167362565323881 0.6743277543734085 0.1438975165207402 
0.6716037392616272 -0.39998671412467957 -0.07141357660293579 0.11176540960798646 0.13497383650525555 0.8635421641299337 0.47284827105954635 
0.6191403865814209 -0.3382832407951355 -0.013441136106848717 -0.2211318430206655 -0.2075223116729823 0.7757370055676158 0.5534142177006062 
0.6440514326095581 -0.3131071925163269 0.011233829893171787 0.1717356497198408 -0.38070408216452367 0.7126170012506989 0.5636916514966612 
0.6203486323356628 -0.33993425965309143 -0.014115419238805771 -0.21347511337042552 -0.5735622282336078 0.7897852040455632 0.04115917620520505 
0.5820973515510559 -0.3424604535102844 -0.017424549907445908 -0.4524299782703226 -0.045998473823807756 0.8206718360772345 0.34596096981858665 
0.5573664307594299 -0.3175944685935974 -0.042717527598142624 0.046968313313260346 -0.32279696811793823 0.8023414974607159 0.4998441920947667 
0.5862646102905273 -0.2950291931629181 -0.0043743690475821495 -0.3257829015041256 0.12726190208994737 0.9368402513774134 -0.0005027555139035914 
0.5437440872192383 -0.26744934916496277 -0.025601953268051147 -0.46468843281370054 -0.2107308244103212 0.8120782844240313 0.28317139689491166 
0.5475596785545349 -0.23520274460315704 -0.030254647135734558 -0.5214357281879066 0.15801045808260464 0.7218965618590472 0.42661789751692347 
0.572773814201355 -0.2602950632572174 -0.005651527550071478 -0.006359749531784241 -0.21331675786665866 0.7794630094994399 0.588976172031795 
0.524816632270813 -0.27583229541778564 -0.02392825111746788 -0.26721297348284234 -0.3767071845930628 0.6755743008239178 0.5747071323245438 
0.5525103211402893 -0.25128188729286194 -0.0005937610403634608 0.20027382239412245 0.10076875651480142 0.9730327435010873 0.054252500853466286 
0.5807467699050903 -0.2754685878753662 0.022233489900827408 0.40246247350358266 -0.22951737195920766 0.8483268705777279 -0.2562952478024427 
0.6072949767112732 -0.2512531578540802 0.04706338793039322 0.5027016256456782 -0.4055589605926642 0.7513179217793133 0.1354045252914538 
0.632486879825592 -0.276272177696228 0.07244603335857391 0.002649156703190974 0.06638274140588747 0.8893846132253572 0.45230666960612315 
0.6578825116157532 -0.251447468996048 0.04691191017627716 0.27243334625866994 0.3067190207966913 0.7522098414967434 0.5156392813617547 
0.6825736165046692 -0.2763676643371582 0.07211338728666306 -0.1505267002134178 0.5349956152538965 0.8312799989080313 0.009745131986203056 
0.6457898616790771 -0.2518324553966522 0.04845735430717468 -0.34761568429595874 0.5523066385414006 0.7111489121164897 -0.2615108752042338 
0.5975709557533264 -0.25549137592315674 0.05431798845529556 -0.5073709186859615 0.03263205407517932 0.7307463025154024 -0.455543347310293 
0.6128215193748474 -0.2923751175403595 0.03546486794948578 -0.5123721283809965 -0.2512026865756974 0.6541998942735718 -0.4963814165013905 
0.6337110996246338 -0.324677050113678 0.014885966666042805 -0.507937848258135 -0.38277141374184614 0.5856088573546857 -0.5025409966527143 
0.6589962244033813 -0.34928861260414124 -0.01007769349962473 -0.003311271923943324 0.10341901078343857 0.9946316918715207 -0.0011581069109170197 
0.6309801340103149 -0.32350966334342957 -0.03431117907166481 -0.29610893635431534 -0.23293305963153257 0.8786982312632899 0.2931741903997939 
0.6130384206771851 -0.282963365316391 -0.028706444427371025 -0.44095450971821504 0.14839047723963045 0.767552079675316 0.4409117730451984 
0.5861437320709229 -0.30693039298057556 -0.005832119844853878 -0.5717476507156487 -0.2111281307926098 0.7919235287474259 -0.037237896092287476 
0.6028457283973694 -0.3302903473377228 -0.006357159465551376 -0.5526197167797542 -0.379300991886162 0.6861884708389336 -0.2826439255815767 
0.5855443477630615 -0.3606474995613098 -0.013769927434623241 -0.5742785093258554 -0.48311635746591636 0.6499260654329546 0.11999536801967546 
0.5354442596435547 -0.3448198735713959 -0.0015394125366583467 -0.6551105423146211 0.0031841356798878984 0.715690326807286 -0.2420896419566427 
0.5105507969856262 -0.3699038624763489 -0.02647525630891323 -0.09351300223335006 -0.36994238641186933 0.9051485671834557 0.18736066949852018 
0.5395541191101074 -0.39198651909828186 -0.022856073454022408 -0.332792758970552 -0.4877858317260273 0.7876668766621099 -0.1757693185782791 
0.5635933876037598 -0.4168812334537506 0.0020034746266901493 -0.4474120592187872 -0.5333440984830329 0.6959186147525955 0.1762492653027356 
0.5470531582832336 -0.43597736954689026 -0.007379966322332621 -0.4820478227757556 -0.5268702639473185 0.6095858856495544 0.34415500801540727 
0.5344205498695374 -0.4065689742565155 0.02914329431951046 -0.4884304569996336 -0.5221162228703006 0.5612548285479951 0.4169212826449864 
0.47854503989219666 -0.4088936448097229 0.06781767308712006 -0.573630412098826 -0.019422517498914056 0.6250575670625342 0.5290311465189937 
0.4702322781085968 -0.3721793293952942 0.05246239900588989 -0.550014762143823 -0.26442266115453583 0.5887440736757111 0.5300422939762035 
0.4413597583770752 -0.40042367577552795 0.03462423011660576 -0.037811344978901026 0.21909098296928897 0.09622376918604378 0.970211538591491 
0.4236905872821808 -0.3704891800880432 0.03526457026600838 0.27502016003484747 -0.16543315150737256 0.3576495525825712 0.8769735352302441 
0.4470791518688202 -0.3510136604309082 0.002960889833047986 0.6114173820641686 0.2772982203348043 0.684372529156231 0.284444587301732 
0.47818681597709656 -0.382628858089447 0.01895381323993206 0.6148185727474299 0.4263453990500663 0.6531652725567975 -0.1166312567001557 
0.5090490579605103 -0.4146915376186371 -0.013429321348667145 0.571538163201597 0.4746806547902224 0.5915569819050835 -0.31318164239210927 
0.5364001393318176 -0.3909017741680145 -0.03869364783167839 0.6942276437688972 -0.0159249626294394 0.7087116195822684 0.12458817946103283 
0.5613008737564087 -0.41639918088912964 -0.063766248524189 0.13196541622036553 -0.35195108402897063 0.8232392693658728 0.4254323315717342 
0.5864117741584778 -0.4414759576320648 -0.08891147375106812 0.3266667610076659 -0.44053302583316406 0.6854700177348777 0.478905350971968 
0.5993391275405884 -0.4064701795578003 -0.10250682383775711 0.4167363449065558 -0.4742887546415487 0.5981753120569975 0.4935253712829836 
0.5998095870018005 -0.4358905255794525 -0.09924359619617462 0.526526457201177 0.015153196061460907 0.6344412996845692 0.565707086548202 
0.5730368494987488 -0.41016823053359985 -0.07207076251506805 0.5315699964604503 -0.2491365457969422 0.5962799500656099 0.5475532317146514 
0.5984513163566589 -0.44064879417419434 -0.08146809786558151 0.023521589167903655 -0.5625537241732534 0.825698256760964 0.03467608749159371 
0.6108959317207336 -0.4671667516231537 -0.051642563194036484 -0.2581471036900962 -0.5756634985243464 0.7197879065794379 0.2896152255409148 
0.6281507611274719 -0.4374423623085022 -0.07311119884252548 0.13411327388562147 -0.5904679772096869 0.670439937751735 0.42880238749921934 
0.5727189779281616 -0.38671988248825073 -0.05973871052265167 -0.1934814946277643 -0.5787887144047826 0.6224120168715074 0.49007327673339607 
0.5279587507247925 -0.3952119052410126 -0.050449538975954056 -0.3429399774115761 -0.5549186698754541 0.5805806499571867 0.48722022804055987 
0.5533500909805298 -0.42026081681251526 -0.025585578754544258 0.11790800082311981 -0.047923100997447815 0.7453663066468939 0.6543929619488984 
0.5226798057556152 -0.41098353266716003 -0.018968328833580017 -0.20953737270867273 -0.30058688237737585 0.6824307348001485 0.6324791757687567 
