0.5007966756820679 -0.6008230447769165 -0.027464333921670914 0.2990844614163496 0.006486741616082174 0.9400775943304256 -0.1635864412487122 
0.5209670662879944 -0.6222271919250488 -0.0013033864088356495 -0.28934691398481127 -0.2889894682723783 0.8660425377165747 0.2876347918116822 
0.5443214178085327 -0.5950971841812134 0.023753540590405464 0.12059779039854897 -0.44489000485373914 0.7697942791110814 0.441526697245 
0.48481062054634094 -0.5776427984237671 0.018749171867966652 -0.23306747485155513 0.03386805564667167 0.7815332182586959 0.5777009050808554 
0.45624208450317383 -0.5147918462753296 0.018065195530653 -0.38101958708323597 -0.24289796700702368 0.689456412869518 0.5661046781610906 
0.48007285594940186 -0.48805296421051025 0.04292070493102074 0.07545975526095611 -0.42224855760324476 0.6824918059448205 0.5917912771882613 
0.5039800405502319 -0.5109032392501831 0.06799715012311935 0.296386329537758 -0.47491761190464066 0.6094890883852658 0.5613657067413598 
0.52289879322052 -0.5263955593109131 0.0809294655919075 -0.131329150822763 0.01630960754853815 0.717113808497208 0.6842765789565023 
0.5403733849525452 -0.5400134921073914 0.06068600341677666 0.20676758068285522 -0.26572988509074386 0.6766654130825557 0.6547966970640836 
0.5655628442764282 -0.5151941776275635 0.08541073650121689 0.44870789032713326 -0.4819582109459621 0.7466384850638249 0.09438476933031915 
0.590695858001709 -0.5402103066444397 0.060588594526052475 -0.03715959576418692 0.013028927330217769 0.9019536771461562 0.4300336914449769 
0.6135594844818115 -0.5624555349349976 0.03635333105921745 0.2556185965073171 -0.2687974968061581 0.7739264700488814 0.5132687968190263 
0.5402077436447144 -0.5038797855377197 0.028443826362490654 -0.1341146726211911 -0.4228622920932833 0.7022197798081056 0.5568555623854189 
0.5653843879699707 -0.47916823625564575 0.003172800876200199 -0.3758269740339261 -0.5606805733857356 0.7375034598184638 0.021909517843650462 
0.5409950613975525 -0.5043416023254395 -0.021766509860754013 0.09219410466518871 -0.04461292260993405 0.9165709561333855 0.3865328143559301 
0.5417024493217468 -0.4645354747772217 -0.03615414351224899 -0.22614947270313207 -0.30209276793200607 0.7851757097469626 0.491014745585739 
0.5683885216712952 -0.44043248891830444 -0.012150110676884651 0.21140398643829456 0.14744935332633685 0.9661079356453104 -0.014230228557516997 
0.5942988991737366 -0.4668505787849426 -0.03558248281478882 -0.16915853070923953 0.37926246871993047 0.8586019292569563 -0.3005796040735091 
0.569085955619812 -0.4441608786582947 0.0008103178115561604 -0.4356174788520622 -0.07855178766282893 0.8873270830599842 0.12929685395169865 
0.5327886343002319 -0.4495939016342163 -0.0012077533174306154 -0.49608719595088324 -0.3080782377727277 0.7395442155530157 0.3347531130049658 
0.4721866846084595 -0.4473978281021118 -0.006117209326475859 -0.5434235388211395 0.1012236237816609 0.6984153774139998 0.45459937971281766 
0.42273205518722534 -0.4112359285354614 -0.020284278318285942 -0.5433955551628733 -0.2063127701999173 0.6409213820303062 0.5013742050983789 
0.44732823967933655 -0.4356324374675751 0.00444267550483346 -0.02058686070791257 -0.42234308003091514 0.6857411005676842 0.5924201607882825 
0.41901645064353943 -0.45866939425468445 -0.020178688690066338 -0.2700004508761179 -0.4782330453509285 0.6149809618878314 0.5658545107857564 
0.3963289260864258 -0.485625684261322 0.003645024262368679 0.15388829579123503 -0.6509307131369448 0.7421638682001245 0.042431024636772015 
0.4211571216583252 -0.51426100730896 -0.008885546587407589 -0.1936913699400383 -0.6440888750804838 0.6945421617308666 -0.2554297550923209 
0.44619637727737427 -0.5394795536994934 -0.03384706750512123 0.1794018168963479 -0.6731837960231529 0.7025078069928822 0.14533184778361155 
0.42157313227653503 -0.5149192214012146 -0.05896129459142685 0.4424188430092761 -0.11284749186338082 0.7839484783249941 0.4206611394726209 
0.3977329432964325 -0.4936411380767822 -0.08391030132770538 0.5742434520411138 0.23564554273968297 0.782545764149464 -0.04835041868026309 
0.4127053916454315 -0.48271119594573975 -0.1053386703133583 0.055656785601352 -0.1886633441372304 0.9020940621949632 -0.38410254847901215 
0.44898006319999695 -0.529286801815033 -0.07271870225667953 -0.26307865452151485 -0.4237708722148697 0.8632351170011786 0.07767240290707779 
0.4719914197921753 -0.5022714138031006 -0.09154465049505234 0.1443449457011013 -0.5291929710112643 0.7976655890665195 -0.25069691681785766 
0.4968198835849762 -0.5272759199142456 -0.11706256121397018 0.33503887170305513 -0.5333855398563749 0.6725533565103444 -0.38848526737411393 
0.4857369065284729 -0.5624388456344604 -0.0853298231959343 -0.10476342309969634 -0.6562837080994691 0.7438460998241048 0.07077640454355424 
0.5039897561073303 -0.5713266730308533 -0.09865150600671768 0.2198104330182528 -0.6246688477728957 0.6843186681471067 0.3052542621877395 
0.5338481068611145 -0.5948207378387451 -0.07314940541982651 -0.22877145196778756 -0.09464858967218906 0.9553323986903097 -0.16138548649192397 
0.561517596244812 -0.5714537501335144 -0.018081065267324448 -0.3860237625862473 -0.31899376809777535 0.7876451555213184 -0.3589481015653064 
0.5667645931243896 -0.5392441749572754 0.008185896091163158 -0.49980792199110946 -0.4614384331680142 0.728922379489679 0.07706346857935734 
0.5916669368743896 -0.5138890147209167 -0.01715610735118389 0.006577583734973673 0.028076109152425657 0.9427233655852761 -0.3323268323001322 
0.6064545512199402 -0.5355311036109924 -0.025786971673369408 -0.3065429906045792 -0.2936917227044238 0.8992866229160773 0.1051671848549054 
0.5552629828453064 -0.5254063606262207 0.01688188500702381 -0.42050671216266156 -0.4171585016824442 0.7408237152364161 0.31675402514178136 
0.5788499116897583 -0.5488799810409546 0.04472733289003372 0.06895185332418934 0.0488325595141183 0.8468768161150904 0.5250339811681021 
0.5927886366844177 -0.5526437163352966 0.034041326493024826 0.30956564624411653 -0.24203492199053017 0.733345974679981 0.5547899500019527 
0.5544193387031555 -0.47437089681625366 0.03397047892212868 -0.1050940501325492 -0.40739823929656227 0.6946968970400739 0.5834193487429871 
0.524062991142273 -0.49477720260620117 0.008216634392738342 -0.3589589454804525 -0.5524939805405839 0.7515202488983332 0.03340946605035838 
0.4846521317958832 -0.4616050720214844 0.032030895352363586 -0.44606595691174233 -0.5464715716803309 0.6531860924651555 0.27521248525410713 
0.46235647797584534 -0.4365394711494446 0.00513104535639286 0.0368977361517768 -0.6616192448138903 0.7340501772660375 -0.148555946412354 
0.49025142192840576 -0.4128170907497406 0.027221795171499252 0.2842478395986055 -0.6133979788639655 0.6523850880576944 -0.3425489484571248 
0.5180892944335938 -0.38798925280570984 0.05037131533026695 -0.11812355923773891 -0.6108987101129598 0.6316245678478013 -0.46249323889804994 
0.5439708232879639 -0.3648138642311096 0.07436705380678177 -0.31596125866536395 -0.5666844582671094 0.5801526267861901 -0.4924024141027291 
0.5668445229530334 -0.3349270820617676 0.09919589757919312 0.12093372984370697 -0.6974932114728738 0.7062883243403643 0.005920796891199336 
0.5815240740776062 -0.30317994952201843 0.07391335070133209 -0.20970389822205934 -0.6585006506350792 0.6683307995830032 0.27520012811114947 
0.5891352891921997 -0.33201727271080017 0.09586458653211594 -0.5045205205070702 -0.11129121818170197 0.8401220055258912 -0.1651312356099303 
0.5727961659431458 -0.3031808137893677 0.0721755176782608 -0.5470586031845508 -0.33847131990739665 0.743089550542206 0.1843419923861492 
0.5560309290885925 -0.3177608847618103 0.09759169816970825 -0.4854227178992472 -0.4441739736178858 0.663769825547077 0.35564572934453825 
0.5444157123565674 -0.34367233514785767 0.12011266499757767 -0.6311621322821255 0.03499905301711603 0.7680838042747812 -0.10225800052693036 
0.49175530672073364 -0.3619857430458069 0.09339359402656555 -0.6167812552391302 -0.25860023056101683 0.7102758201401409 0.21957928696414505 
0.5056135058403015 -0.3408661186695099 0.06612952798604965 -0.601347007204731 -0.41375957762992727 0.6652955026366951 -0.15673762476446051 
0.5272786021232605 -0.36060166358947754 0.09210115671157837 -0.06129499832227416 -0.599530067239238 0.7661286100311393 0.22327914042413816 
0.5548112392425537 -0.38614386320114136 0.06597515195608139 0.2499663853928975 -0.6238111248541371 0.7230358921411767 -0.15998620364718402 
0.5811370015144348 -0.4107888638973236 0.08968247473239899 -0.13776606486185883 -0.622560668000276 0.6784100163179944 -0.36496380065829404 
0.606857419013977 -0.4358385503292084 0.06396583467721939 0.23978569854701157 -0.08056032856966168 0.779977941014357 -0.5724048076004202 
0.5832117795944214 -0.4625864028930664 0.038859475404024124 0.46579971683115806 -0.36466790832896867 0.8049894713705956 -0.04516515711781453 
0.5593411326408386 -0.48851826786994934 0.012412811629474163 0.5033583633088686 -0.45075045008050013 0.680165320447521 -0.28430534061069734 
0.5849175453186035 -0.5139824151992798 0.03648241609334946 0.5070957194973491 -0.480293179640735 0.5959892372743912 -0.3961934147750921 
0.6097440719604492 -0.4891863465309143 0.011238754726946354 0.5642763871803939 -0.549050325988065 0.6138006871368312 0.05817744299464904 
0.6349016427993774 -0.5143104195594788 -0.014077096246182919 0.5553278984838382 -0.5477546300695255 0.5816864392603205 -0.23068740057395998 
0.6594739556312561 -0.48892003297805786 -0.038898393511772156 0.049327987425920095 -0.04302144645737586 0.9683472090900901 0.24087255436985133 
0.605749785900116 -0.42926377058029175 -0.031308259814977646 -0.2518436777398498 -0.30356773796654196 0.8202552514853856 0.414249577982876 
0.6308785080909729 -0.4541063606739044 -0.05619252100586891 0.17426482952156763 -0.5051785568704984 0.8423347520733788 -0.0699897158126766 
0.605756402015686 -0.47896161675453186 -0.08078308403491974 -0.18462174666180836 -0.5706871190623665 0.761937130417344 0.2443007001365793 
0.5422159433364868 -0.4903858006000519 -0.04001208022236824 -0.35270566736908426 -0.5521739305682026 0.6506657125955864 0.3838447512459542 
0.5171529650688171 -0.46507588028907776 -0.06514102965593338 0.086967080236334 -0.589443197910867 0.6427651996123547 0.48150424874456454 
0.4817596673965454 -0.48131731152534485 -0.051609303802251816 -0.2701717533863441 -0.7122102598631658 0.09348566927357507 0.6411116900028125 
0.458436518907547 -0.4967440664768219 -0.04673127457499504 -0.401047783507901 -0.6405350577520394 0.30400707917226666 0.5800475936913612 
0.46959027647972107 -0.4625909626483917 -0.06495048105716705 0.0571955917657862 -0.6563229808098031 0.45426914418087233 0.5996735393434283 
0.46134263277053833 -0.4730106592178345 -0.07200217992067337 -0.23151659803116886 -0.6072682306444321 0.5015495583710079 0.571028371785415 
0.47350379824638367 -0.4868883490562439 -0.08849941939115524 0.14673939112842332 -0.6014791209693371 0.5425417118691412 0.5677489841570086 
0.4489264190196991 -0.46203532814979553 -0.06458253413438797 -0.23001032861304466 -0.06810786901277799 0.6827653035919264 0.6901362960465722 
0.4235928952693939 -0.4392409324645996 -0.0856480747461319 0.2103606279839676 -0.40612762173334005 0.8804450116020245 0.12500137041057932 
0.44884899258613586 -0.4642171859741211 -0.060761094093322754 -0.16192283203322602 -0.5067199325251142 0.7712465846830949 0.34956345927849114 
0.4733336269855499 -0.4908600449562073 -0.0813288763165474 0.20348984634782963 -0.6051289376519782 0.7643476957108917 -0.09046243038397427 
0.4981401860713959 -0.46611547470092773 -0.10606621205806732 0.37655523094086013 -0.5925744364756175 0.6773769052168851 0.21959559095181128 
0.5230420231819153 -0.4410078227519989 -0.13124583661556244 0.44563267385608885 -0.5556619057141495 0.5989193491163138 0.3659876770932098 
0.5548813939094543 -0.464166522026062 -0.12192007899284363 -0.035540979721263584 -0.6895862245501936 0.7180071720579877 -0.08759782271468966 
0.5331799983978271 -0.4931345582008362 -0.09216512739658356 0.3272101308482243 -0.1302235941775051 0.8440417696513107 -0.4044364435528333 
0.5644692182540894 -0.5106641054153442 -0.09570267051458359 -0.232542427955894 -0.8469896709475622 0.4617490714824693 0.12377524588380345 
0.5885679125785828 -0.5403768420219421 -0.06284884363412857 0.15784400517235342 -0.7835561828927954 0.5603191450166845 -0.21718064833081746 
0.6137079000473022 -0.5155966877937317 -0.08819480985403061 0.3413163248404591 -0.6658988703182964 0.5494581584810446 -0.3717224676890519 
0.635570764541626 -0.491536408662796 -0.10811980813741684 -0.11482948095498241 -0.12005422218467743 0.7585227324912793 -0.6301146231704231 
0.6577245593070984 -0.47269052267074585 -0.09244444221258163 -0.32233605759025463 -0.3266230491308393 0.6619780638507993 -0.5926228925159682 
0.6734334230422974 -0.44475290179252625 -0.09500186145305634 0.12785444272093682 -0.5722748904855307 0.8071701844810336 -0.06805133710035913 
0.6989243626594543 -0.41673868894577026 -0.06692920625209808 -0.19890429829389963 -0.5840958662196958 0.7176314656213773 -0.32291512621026075 
0.7242944240570068 -0.3919776678085327 -0.041574325412511826 0.2449251280098766 -0.0640302019736369 0.957705724696682 0.1367902035518775 
0.5593716502189636 -0.3523993194103241 0.05432463064789772 -0.2549603977048259 -0.5648413279091357 0.45888933095015116 0.6366867768598341 
0.5487746596336365 -0.3708289861679077 0.03279777243733406 -0.5747708552432721 -0.06716786077427934 0.8124174329671279 0.07144828236582688 
0.5715528726577759 -0.3429645895957947 0.05964531749486923 -0.03616490513184451 -0.36608458332113136 0.855269684404221 0.3649492354156978 
0.5933815836906433 -0.312703937292099 0.08994651585817337 0.24682640385119717 -0.4575180477172141 0.7215910110877477 0.4572312052914551 
0.6173830628395081 -0.28644394874572754 0.06546862423419952 -0.16180147639581877 0.029849381109871266 0.7783228983838709 0.6059230665149015 
0.642439067363739 -0.3113432824611664 0.04056110233068466 0.18794344848911806 0.29448214258110655 0.7088370361448725 0.6127867361980118 
