0.5623257160186768 -0.27611610293388367 -0.06289103627204895 -0.14313976009790821 -0.5718245931635706 0.5734624552763933 0.5689186726772122 
0.5432037115097046 -0.2477712780237198 -0.019001292064785957 -0.3206737095650254 -0.54965157374026 0.5554162602935194 0.5353170063431788 
0.527180016040802 -0.25565865635871887 -0.01440823171287775 -0.4787362134703359 -0.03355490081937182 0.633874998057042 0.6065378746469772 
0.5527245998382568 -0.2807927429676056 0.010195731185376644 0.028937884790885705 -0.41148367274130193 0.9073118292015064 0.08141885827113397 
0.5792911648750305 -0.2565057873725891 0.03407043591141701 0.32759315327825544 0.054855169267510315 0.8716198049477301 0.3604893229385907 
0.6044528484344482 -0.2815518379211426 0.00889861211180687 -0.10023094066785872 0.3220574672653178 0.7974261348686629 0.5003441872750298 
0.6294053792953491 -0.3066488802433014 -0.016455981880426407 0.23581692593131873 -0.10496514969379392 0.7650192970140312 0.5900153980958631 
0.609896183013916 -0.26672661304473877 -0.018481893464922905 -0.14719701262383603 -0.33679709335068336 0.7046306303996749 0.6069566970449425 
0.5860815048217773 -0.29173892736434937 -0.032570693641901016 -0.39194454401140594 -0.517526164409934 0.7583433107764621 0.058835079429089616 
0.611301064491272 -0.3168697953224182 -0.05762958526611328 0.06354719394524865 -0.5929193918187815 0.7330770359689485 0.32711833987398564 
0.6099995970726013 -0.2878425717353821 -0.023515278473496437 -0.23053220671939326 -0.5769446107754768 0.6509225520596934 0.43622201799349425 
0.5852223634719849 -0.26279154419898987 -0.048691459000110626 0.1501079131234372 -0.582101441792614 0.6238414544079084 0.4994470599001584 
0.610257089138031 -0.28772950172424316 -0.024013955146074295 0.33097319418260085 -0.5512113284164996 0.5724255613101493 0.5088730616928401 
0.6351754069328308 -0.2626444697380066 -0.0492580309510231 0.4173051854909347 -0.5280313102518733 0.5387503827958019 0.506741889519155 
0.65376877784729 -0.2840895652770996 -0.06911065429449081 0.4591372867080978 -0.5145746895666428 0.5200529138345461 0.5039353208735398 
0.6791285276412964 -0.30893510580062866 -0.04362167418003082 -0.028083624828091163 -0.7035927880106897 0.7100482239491914 0.00013543433371686347 
0.6529966592788696 -0.3313184976577759 -0.04984552413225174 -0.28368095717323666 -0.6487635977285446 0.6525789474869791 0.26976216579864937 
0.5394898056983948 -0.3240929841995239 -0.025493454188108444 -0.4827410157996065 -0.09861790179766017 0.7303709954493952 0.4730685258142321 
0.5109177827835083 -0.34673207998275757 0.002882360713556409 -0.5830721428530692 0.2519286958362974 0.7719955086952662 -0.02411934902292649 
0.5125778317451477 -0.31723201274871826 0.032819125801324844 -0.6157842561586712 -0.1408990675007952 0.726021878215196 0.27175252528246685 
0.510156512260437 -0.33824753761291504 0.06251548230648041 -0.5708674226090854 -0.33133884437769423 0.6376738325267794 0.39711086527659106 
0.5369894504547119 -0.3641265332698822 0.03718085214495659 -0.05310468701276582 0.1402560288081417 0.9842449454058849 -0.09364841719544725 
0.5660390853881836 -0.38829123973846436 0.06063280627131462 0.26401422683197917 -0.2109965750293308 0.8739929813836532 -0.3491607106309608 
0.5948593020439148 -0.3650735020637512 0.08517476171255112 0.47523291209419294 0.1807208192866281 0.8559532978429577 0.09400859881206583 
0.6198756694793701 -0.3405369818210602 0.11132927238941193 -0.015855767919055675 -0.21166339855460167 0.8953167001645654 0.391605932976566 
0.5949589014053345 -0.31555303931236267 0.08607146888971329 0.26039503775208545 -0.3809782674138982 0.7471367667213206 0.47836872377445994 
0.570015549659729 -0.29050758481025696 0.11073694378137589 0.3866714374421745 -0.4480280468839955 0.6343089666686891 0.49740145101860633 
0.5951378345489502 -0.2655160427093506 0.08562527596950531 0.5059826308562739 0.029725545068148427 0.6474131191116655 0.5691697659260104 
0.6194257140159607 -0.2898450195789337 0.11126124113798141 0.003530247050243904 -0.2873861382748292 0.700774538542629 0.6529255631491313 
0.6433340907096863 -0.3144384026527405 0.0862419530749321 -0.3730989249533893 0.16096533495587073 0.9064294700850454 0.1152083716685262 
0.6684785485267639 -0.33959904313087463 0.061073265969753265 0.0817023881993472 -0.21457632195070123 0.8915554993879992 0.39039789104405714 
0.6933935284614563 -0.3645932078361511 0.035793233662843704 0.3075298155929807 -0.37785885856316287 0.7357990097209328 0.47036997440353856 
0.635780930519104 -0.3579356074333191 0.03765067830681801 -0.10635608551853448 -0.4849591525439596 0.6828081623741742 0.535981358661122 
0.6609329581260681 -0.3828677237033844 0.01250368170440197 0.2594373148048244 -0.6112911854737852 0.7476538294387223 0.005396070285943758 
0.6857321858406067 -0.40793249011039734 -0.012681473977863789 0.3989736131050088 -0.5838391274569771 0.6553172550813539 0.26553949704111923 
0.5867391228675842 -0.36629343032836914 0.007424686104059219 -0.07552105306289543 -0.8089523752697938 0.11606180144954181 0.5713337757685234 
0.5503827929496765 -0.3856499195098877 0.0055054123513400555 -0.3049539636360939 -0.711060365994306 0.32692917025521817 0.5426910296024011 
0.5233963131904602 -0.4050881564617157 0.0016447576927021146 -0.4057580923423739 -0.6244816779027039 0.4215608069391777 0.5173678483586803 
0.48356762528419495 -0.34505948424339294 0.022635087370872498 -0.5485194606423996 -0.08616534721739728 0.565866150271169 0.6095058935012548 
0.5076594352722168 -0.31904977560043335 -0.00225047511048615 -0.01926466599870498 -0.3463235842007219 0.6586199733110096 0.6677638642709928 
0.48302337527275085 -0.34413743019104004 -0.027421332895755768 0.279578309703797 0.089261363299551 0.673806879706986 0.6781243740086391 
0 0 0 0 0 0 0 
0 0 0 0 0 0 0 
0 0 0 0 0 0 0 
0 0 0 0 0 0 0 
0 0 0 0 0 0 0 
0 0 0 0 0 0 0 
0 0 0 0 0 0 0 
0 0 0 0 0 0 0 
0 0 0 0 0 0 0 
0 0 0 0 0 0 0 
0 0 0 0 0 0 0 
0 0 0 0 0 0 0 
0 0 0 0 0 0 0 
0 0 0 0 0 0 0 
0 0 0 0 0 0 0 
0 0 0 0 0 0 0 
0 0 0 0 0 0 0 
0 0 0 0 0 0 0 
0 0 0 0 0 0 0 
0 0 0 0 0 0 0 
0 0 0 0 0 0 0 
0 0 0 0 0 0 0 
0 0 0 0 0 0 0 
0 0 0 0 0 0 0 
0 0 0 0 0 0 0 
0 0 0 0 0 0 0 
0 0 0 0 0 0 0 
0 0 0 0 0 0 0 
0 0 0 0 0 0 0 
0 0 0 0 0 0 0 
0 0 0 0 0 0 0 
0 0 0 0 0 0 0 
0 0 0 0 0 0 0 
0 0 0 0 0 0 0 
0 0 0 0 0 0 0 
0 0 0 0 0 0 0 
0 0 0 0 0 0 0 
0 0 0 0 0 0 0 
0 0 0 0 0 0 0 
0 0 0 0 0 0 0 
0 0 0 0 0 0 0 
0 0 0 0 0 0 0 
0 0 0 0 0 0 0 
0 0 0 0 0 0 0 
0 0 0 0 0 0 0 
0 0 0 0 0 0 0 
0 0 0 0 0 0 0 
0 0 0 0 0 0 0 
0 0 0 0 0 0 0 
0 0 0 0 0 0 0 
0 0 0 0 0 0 0 
0 0 0 0 0 0 0 
0 0 0 0 0 0 0 
0 0 0 0 0 0 0 
0 0 0 0 0 0 0 
0 0 0 0 0 0 0 
0 0 0 0 0 0 0 
0 0 0 0 0 0 0 
0 0 0 0 0 0 0 
