0.6005598902702332 -0.37119047418236734 0.01582085872069001 0.08046145995749727 -0.39693517807173395 0.6929602407828497 0.06574512880647942 
0.27004038691520693 -0.2602691724896431 -0.011500524636358023 -0.008378442453507284 -0.13722052552704642 0.41568136699405234 0.06114750452783305 
0.2713048219680786 -0.24910887628793715 -0.020503275468945502 0.036499069316722484 -0.10940335780844676 0.4132700957519635 0.13023125281507117 
0.2585719406604767 -0.2400718554854393 -0.01913136966759339 -0.05865021324851431 -0.09378419909573639 0.40062219771572893 0.22141831317496097 
0.2521145582199097 -0.23903743028640748 -0.025043417327106 0.12140765175019194 -0.08018796338085132 0.3305001567468113 0.23661468483323805 
0.2442937821149826 -0.2241692841053009 -0.02270978232845664 -0.017941899469772437 -0.12642351249534717 0.34196225091813026 0.28085213005950727 
0.24053389430046082 -0.22468019872903824 -0.020622421614825727 -0.0830465047044594 -0.1313157704902645 0.3686009775214983 0.17771086501770167 
0.2461598515510559 -0.2138683557510376 -0.0262577754445374 -0.11849370834345826 -0.2013675354321113 0.333307397996919 0.11006072445686954 
0.24808053076267242 -0.2202043354511261 -0.02553834393620491 -0.09933163253041215 -0.21355638954864734 0.38004941053218333 0.09747239007171739 
0.24919061362743378 -0.2199845090508461 -0.025572093110531567 -0.024113780362283392 -0.19694943445079194 0.3434329210643841 0.18686545916208896 
0.23795303404331208 -0.20815603733062743 -0.026347150281071662 0.01997103331116487 -0.19417601488439795 0.335351930519839 0.12832251567306502 
0.24073102176189423 -0.20612193644046783 -0.02494497299194336 0.039062625602286793 -0.23762771580296005 0.32419667043978867 0.10552140821181184 
0.19743877053260803 -0.1889864385128021 -0.021481044054962695 0.10354490555515161 -0.21027923945899313 0.26014651082586815 0.03274727217711876 
0.20307762622833253 -0.19257740676403046 -0.02004412692040205 0.0017443344742142763 -0.24517905785134575 0.27349655909022763 0.13218554452128228 
0.20193708539009095 -0.19134647250175477 -0.02888280510378536 0.05242713521939302 -0.23334418877627874 0.24841923489376022 0.17360322325518399 
0.20325826704502106 -0.19403725862503052 -0.026790513657033443 -0.009557012096036165 -0.186028488259026 0.2701305049822016 0.0910844551723478 
0.20538850426673888 -0.2101505756378174 -0.029400444962084292 -0.018090327223878083 -0.09691900178477295 0.292536522630762 0.03934973978658489 
0.2051003396511078 -0.1992577940225601 -0.020077092200517656 -0.009438054768359086 -0.11826897268012446 0.31733732609988935 0.14139090626827486 
0.19957332015037538 -0.18767573833465576 -0.01550007462501526 -0.0645114632069034 -0.008523509997641909 0.31667734677619425 0.1401055874930201 
0.19901164174079894 -0.18813616633415223 -0.0020769039168953896 -0.1488525932826812 -0.11622543136790327 0.30399013021316534 0.12580227704171604 
0.20599647164344786 -0.18717701435089112 -0.006428640894591808 -0.08643447523163969 0.0014866386934704323 0.32671328242004904 0.06803099253261681 
0.20193805694580078 -0.18197515308856965 -0.005679032253101468 0.008302555346380452 -0.07582866946840613 0.2570993260606683 0.10617649411752417 
0.20010632872581482 -0.17925821542739867 -0.007426448864862323 0.0015297307571574825 -0.09955245147663593 0.2465728436513445 0.16077743784420367 
0.20511959195137025 -0.16933104693889617 -0.012539037386886775 -0.008088577593879065 -0.11887237316556883 0.29940671656238615 0.1400947094047395 
0.19947977364063263 -0.16891668140888214 -0.01238473942503333 -0.014831021450820247 -0.059976258856644746 0.2735939436850268 0.18388955723002415 
0.21000410616397858 -0.1591094896197319 -0.011648341547697783 0.05111774629602937 -0.11495636815970234 0.3198718649189999 0.108021721136731 
0.21415620148181916 -0.16311841309070588 -0.01814995100721717 -0.026997658397946732 -0.18376930040274497 0.31094835609256744 0.060493014851262975 
0.22423855662345887 -0.16168117225170137 -0.02222774475812912 -0.02906477810793051 -0.10345158638441827 0.33237105112151044 0.008714824697075846 
0.22383513450622558 -0.1559039384126663 -0.02440720075974241 -0.006291391397476104 -0.06339129432959918 0.3253419315306225 0.07087756565287287 
0.21805780231952668 -0.16249616146087648 -0.015504567697644234 -0.11591040795941662 -0.14466896746140162 0.2998869333008002 0.1480362327355042 
0.21437508761882781 -0.15915431678295136 -0.011271383427083493 -0.06280237278073345 -0.14711330867984249 0.300453981594117 0.08529904467518022 
0.21169152557849885 -0.16609114706516265 -0.006068656407296658 -0.14829134141914455 -0.07164996791274109 0.2990943689065692 0.1050925547458447 
0.21062344312667847 -0.1606098622083664 -0.0015029756352305413 -0.07349144938122984 -0.03778812613468225 0.3039827968722669 0.1806688385394444 
0.20209536850452423 -0.15944432318210602 -0.001337834121659398 -0.1638819933107448 -0.03174561499256315 0.30577957680387663 0.09306912514247158 
0.20639699697494507 -0.15843592584133148 -0.0017408238723874091 -0.0322371910863468 -0.07917776817082071 0.3161256074705307 0.18277495371054858 
0.20725977420806885 -0.14520210772752762 -0.0016710306983441115 -0.07440454268664531 0.012245689006741778 0.3069566024430673 0.22453306233373266 
0.20761030316352844 -0.13506532609462737 -0.0010454215109348298 -0.04347926472943966 0.001273893299414175 0.2812659940347965 0.17121185234984043 
0.19859759211540223 -0.12631966173648834 -0.0006878016516566277 -0.03212484859349589 -0.11681466670844558 0.30106252308199755 0.08899189089848726 
0.20043838918209075 -0.12349676340818405 0.009136418253183365 -0.07771719240437727 -0.07480777651055066 0.257586892604537 0.20072709552969825 
0.20975771248340608 -0.12171133309602737 0.013821939937770367 0.018243578485805545 -0.04255734478943808 0.2590886640615839 0.2294202163837859 
0.21815245449543 -0.12004192173480988 0.004279353842139244 0.0758352577622364 -0.020641621463516203 0.27918122211360646 0.1857753794039109 
0.16065967977046966 -0.10357377082109451 -0.008447052538394928 -0.006748508039996282 0.011478795413834675 0.2195013792065159 0.08302744088644018 
0.16596555709838867 -0.09949230700731278 -0.012308556959033013 -0.02697329438428945 -0.006624376198840383 0.2250673588984224 0.009207667353378746 
0.1673746556043625 -0.09549487829208374 -0.003626173920929432 -0.0991070618770024 0.07833617469466314 0.21238857567232347 0.030405207517911138 
0.16130373477935792 -0.08919138312339783 0.009208497777581214 -0.022935315295969583 -0.05786271724912819 0.17865559089070304 0.13392859700529125 
0.16044486165046692 -0.09241437017917634 0.012119349837303162 0.0203117193609794 -0.054145376069852216 0.1814981573202321 0.15423244542172582 
0.15835949182510375 -0.08718788176774979 0.011928008496761322 -0.019390534341778943 -0.0549105366790739 0.20138802407852813 0.05595511934330586 
0.1614157259464264 -0.08895119428634643 0.0049912560731172565 0.07388805736989565 -0.12948535362191624 0.22647456574518646 0.06877921199830708 
0.16917769312858583 -0.08143342733383178 -0.0011206841096282004 0.06259085856440497 -0.15281302976330846 0.20482112837778366 0.0606714758325038 
0.17289333641529084 -0.07642040848731994 0.0007568307220935822 0.11443813636983693 -0.10995123656761356 0.19607835273871715 0.11460640262297765 
0.17986062169075012 -0.07392682433128357 5.989223718643189e-05 0.08324893191348834 -0.03855934651704144 0.20831980048993803 0.09628347845215336 
0.18233349323272705 -0.06629999354481697 -0.0001619778573513031 0.07004877974548147 -0.10303404592770256 0.20516384590311237 0.14486903738978707 
0.1848693907260895 -0.0626134879887104 0.0027656033635139465 0.07012899141415659 -0.1490989468806579 0.2119194726078187 0.10907654329078982 
0.1781913697719574 -0.0582754448056221 0.003982158377766609 0.057547922459246226 -0.10491103374567642 0.20415227976495495 0.09069799424786489 
0.18546039760112762 -0.06047054976224899 -0.0034493403509259224 0.0040992700633127694 -0.10391159629541816 0.22342461968514166 0.08216234474737778 
0.18082011342048646 -0.06449785232543945 0.0023228786885738373 0.03635850614158044 -0.07534608218413044 0.2126478842248994 0.0171714931834752 
0.18285785913467406 -0.06648331135511398 -0.005112603213638068 0.0566977585144971 -0.07623197580988114 0.22772374048203486 0.10471395145652178 
0.18410173654556275 -0.06870613992214203 -0.01238048356026411 0.06964547024227401 -0.06912122401682072 0.21963018052962502 0.028114814931343168 
0.18182644248008728 -0.06853659301996232 -0.0168386192061007 0.004712461916200268 -0.0006569709720958938 0.22016835221065273 0.10518184323383709 
0.18010031580924987 -0.06961411088705063 -0.012925498001277447 0.09279168202508403 0.027298658038618258 0.17467670245637518 0.08896178235802321 
0.18173666596412658 -0.07843350172042847 -0.014235377497971057 0.08613915559362968 -0.015001010492193313 0.1995611034428369 0.08174782586268854 
0.18643147945404054 -0.07584386318922043 -0.01376623180694878 -0.029387707496036475 -0.02180083439595317 0.2425763842405611 0.08164204458917283 
0.18372039198875428 -0.07921980768442154 -0.01363327745348215 0.01685232279511088 0.07459905743436764 0.24507634773187173 -0.036925981736537855 
0.18740803599357606 -0.07921556532382965 -0.019556719064712524 -0.01591139029359147 0.07045847641457668 0.21802627560079585 -0.10301703193072184 
0.19487279057502746 -0.08123000413179397 -0.014793866127729417 0.028028329786572097 -0.05723784809692826 0.27618420582497505 0.0366820929499795 
0.19417223930358887 -0.07214572578668595 -0.0044126436347141865 -0.017231429073048993 -0.004363095950924195 0.2454291063641758 0.10713682325956234 
0.18667311668395997 -0.07375932186841964 -0.007144285179674625 0.024235206261684746 -0.08321400965552501 0.2198911748805729 0.14076764566214442 
0.19049283266067504 -0.0652769647538662 -0.00761252703377977 -0.0717672950859467 -0.020993045254209197 0.2285247467239818 0.11311532763496927 
0.1890721082687378 -0.06771684139966964 -0.007126295007765293 -0.07209690645229141 -0.02922662951113949 0.2526509588030833 0.03581602852690273 
0.18668774366378785 -0.05983435064554214 -0.006870287656784058 -0.003393531737873867 -0.09999002402422011 0.23436536180470827 0.04259687892060959 
0.18564592599868773 -0.055779841542243955 -0.007518952339887619 0.02678986451198242 -0.08013273317924495 0.21547304150056554 0.10367176935882558 
0.1872217357158661 -0.053318549692630765 -0.008752091880887746 0.046673921158837825 -0.01539214844945691 0.19846301131669025 0.1384181182298279 
0.18469488024711608 -0.04411604478955269 -0.003962347470223904 -0.05696434722629603 -0.10351985150578975 0.21064086629488718 0.10623129783618265 
0.17482061982154845 -0.04240409135818481 -0.007710646977648139 -0.05090399211486587 -0.078131587651401 0.1970827817606497 0.0861665849978996 
0.17310233116149903 -0.04616646803915501 -0.0068571846932172775 -0.059653208173089535 -0.077294442627103 0.23169409095984034 0.08873382738276829 
0.1675234854221344 -0.04965143781155348 -0.0010216214694082737 -0.04882836651696325 -0.058039434779466936 0.22064081688505924 0.06925144834703281 
0.16676477789878846 -0.057501471415162084 -0.0013531025033444166 -0.10362225404944192 -0.052957969362208854 0.20309617726885015 0.06242377363554228 
0.1600452333688736 -0.055961274355649945 -0.005305812787264585 -0.13551939378306574 -0.10471927784147654 0.1949011860030946 0.11662515363762442 
0.16024552285671234 -0.052653750777244566 -0.0049616614356637005 -0.03935451031678315 -0.10483150301513278 0.13892221427901807 0.16059647373697794 
0.11091032028198242 -0.028643818199634553 -0.007495563477277756 -0.042167233186512935 0.08273928210433969 0.12525636806834411 0.006538425607673183 
0.11504461765289306 -0.03021150752902031 -0.01110638938844204 -0.021794341638098444 0.007764645400857806 0.16872033887886734 -0.015677752932163704 
0.12042646408081055 -0.035018230229616164 -0.009033771604299546 -0.07020693198356848 0.008358212940965198 0.1569298769642562 -0.0078027920339987815 
0.11248366236686706 -0.04243272691965103 -0.007980255596339702 -0.044464033975948024 -0.05357685568790558 0.15697951185368675 -0.06541025146119209 
0.11567772626876831 -0.04932250678539276 -0.006969717144966125 -0.01921555854562766 -0.08664258438150994 0.14359351896250602 -0.033162369317820004 
0.11580953598022461 -0.049343186616897586 -0.011410793289542198 -0.010107514583693428 -0.04407340076470945 0.16722624077207532 0.040341694342559783 
0.12074586153030395 -0.05441581308841705 -0.011169494595378637 -0.00843904452687402 -0.07825710920312737 0.1508372967154894 0.07805211043745523 
0.12320518493652344 -0.058146247267723085 -0.009304884821176529 -0.009729357273186879 -0.09515284818787373 0.13678119511139564 0.03855069467837576 
0.12405099868774414 -0.05588753521442413 -0.00558103546500206 -0.006843554002620914 -0.057203833031206706 0.1515121310268452 0.030695233998768622 
0.12037380933761596 -0.05789119899272919 -0.0006784461438655853 0.0018238880881810305 -0.02999421353647964 0.1460132879345207 0.008367505038254097 
0.1254991888999939 -0.06299671530723572 -0.000774915050715208 0.008405206770940914 -0.0928217645597691 0.14938011609663077 -0.05200240667653953 
0.12553205490112304 -0.05799747109413147 -0.005787825398147106 0.003772988349624434 -0.06129955222819948 0.1693016797914167 0.034377858490343284 
0.13055964112281798 -0.06300772428512573 -0.0008466542698442936 0.06380356901171602 -0.03471714286456677 0.16090836255451677 0.07876395514186221 
0.13555938005447388 -0.0629991352558136 -0.005873824842274189 0.03609196603169133 0.03948332156398736 0.1548280079079318 0.10535263939613326 
0.135955286026001 -0.06357158422470092 -0.00963956192135811 0.024488869868893707 -0.04528957923105499 0.18718069194466513 0.004266203556426463 
0.1413436710834503 -0.058971965312957765 -0.005373110435903073 0.012969929736212383 -0.07939195678604372 0.15705031433391445 0.0019679116523261568 
0.14327726364135743 -0.05941444486379623 -0.010568967834115029 0.06063760865825398 -0.0395621765939202 0.1512884221545187 -0.010036133411560944 
0.14448816180229188 -0.060094046592712405 -0.01041317731142044 -0.027578028983471108 -0.09356565628525061 0.16875988939724196 -0.006515068070174568 
0.1495845079421997 -0.05522890388965607 -0.015280995517969131 0.04390489088765682 -0.04831851496864299 0.1606516207068462 0.0022655032944984056 
0.14163414239883423 -0.05753166675567627 -0.0165694996714592 0.023411626534488257 -0.0833684087838147 0.14847294281116952 0.05877435596818964 
0.14478346109390258 -0.05198776721954346 -0.020249608159065246 0.06773751860201939 -0.04023355266083801 0.13805670813761697 0.08681635752507952 
