0.0059110671281814575 -0.0039045673608779905 -0.000982719287276268 0.005347017933821333 -0.003452579907655063 0.005660681763244874 0.005238871364322329 
0.5265000176429748 -0.5741579920053482 -0.05273340441286564 0.2917442855780978 -0.28991602908033615 0.8664423434414665 0.2677862187112645 
0.5497461992502213 -0.5489892986416817 -0.0774315681308508 0.4122949718599376 -0.40922101073047606 0.7116645511640105 0.388035310584107 
0.5599249851703644 -0.5066877692937851 -0.08646284237504005 0.46124483108471365 -0.4575342278913442 0.6124730060028515 0.4479596806608994 
0.5637834322452545 -0.4624246883392334 -0.09109829604625702 0.48364101067829024 -0.4760235458126206 0.5647434124539208 0.4614471606765662 
0.5694595521688461 -0.4227824366092682 -0.09900547005236149 0.492931473047547 -0.4824791661589403 0.5398845186365375 0.4755677683712804 
0.5730982387065887 -0.3890775042772293 -0.10665323965251446 0.5109462609106401 -0.4290045155733275 0.5406180298898157 0.4968939047235013 
0.5718747666478157 -0.3681940001249313 -0.09698337823152542 0.5549582138933905 -0.18666419789635086 0.5772583610560827 0.541397068528439 
0.5665455171465874 -0.3483802643418312 -0.08864878326654434 0.5679512851093286 0.030001592344321475 0.5902844018962378 0.5553547115601885 
0.5633408027887344 -0.32552877739071845 -0.09133372008800507 0.5589312668771269 0.11659192295299196 0.5785316824646531 0.5500660374161451 
0.5611213621497154 -0.30257041975855825 -0.09614713981747627 0.5512253092239735 0.18461807221693352 0.565795237245686 0.5453264063939568 
0.5589722064137459 -0.27943188428878785 -0.10172533597797155 0.5427377395012742 0.2652343713145745 0.5535776718082647 0.5383169881421372 
0.5591211411356926 -0.25604750104248525 -0.10724882118403911 0.5319937186549611 0.3415134238568031 0.5400206988650289 0.5290564313147442 
0.5585013169050217 -0.23206924967467785 -0.11234165705740452 0.5225666047888885 0.3950383353080735 0.5283776518997765 0.5200182018941762 
0.5586417517066002 -0.20793070688843726 -0.11247708048671484 0.514408519736669 0.4401184682548974 0.5183977438297014 0.5130457742327595 
0.5518255424499512 -0.18350216586142779 -0.10714059995487332 0.5087818106280789 0.460591340653567 0.5113671056030018 0.5075900669485143 
0.5427850916981697 -0.1591672097798437 -0.09917505169287325 0.5055695888839727 0.4775941030767249 0.5072197976350781 0.5040058204025714 
0.5324586552381515 -0.1351039603818208 -0.08915294010192155 0.5034051753641942 0.4819352419675561 0.5043539442356093 0.5027972625158614 
0.5244936120510101 -0.11163280921056867 -0.07444820788223297 0.5024380084066646 0.4870063334848922 0.5031207380984412 0.5023513559608989 
0.5127467423677444 -0.08882068648934364 -0.06122470976784825 0.5019979272445277 0.48671203550509484 0.5026935975282175 0.5023871148829727 
0.5041828164458275 -0.06728083983063698 -0.049934410008136185 0.5024173258464785 0.4914807698245302 0.5029958411224451 0.49970336604320126 
0.4985649660229683 -0.04719770342111587 -0.04403694952954538 0.5014640181939073 0.49437418093198005 0.5019698052452838 0.5010098170460391 
0.4930637753009796 -0.02863850779249333 -0.04149759628402535 0.49989289865926045 0.49569679659926863 0.5020107296063471 0.5015464110682583 
0.4905810165405273 -0.01022167225713929 -0.03673467803906533 0.5012607446934914 0.4942309703823314 0.5038987570091215 0.495884523714632 
0.4934537932276726 0.007299552836921066 -0.03396182768105063 0.5009446765060438 0.4926977108028019 0.5068247687935876 0.484637573512499 
0.49300564914941786 0.024680647382047026 -0.032568274855148044 0.49775819482444134 0.49221367507642794 0.5074907948015883 0.4911910510007677 
0.48868994891643525 0.03977787069918122 -0.03136478768923553 0.4972124329010741 0.4931286317911965 0.5071641754786679 0.49575147048753015 
0.48717929631471635 0.0540985141787678 -0.03119555329612922 0.4920623101035023 0.4939131393555577 0.5102841510532626 0.4898732453702104 
0.4857221457362175 0.06693948156782425 -0.03363103749870788 0.4873797174069602 0.4971851407912482 0.5126577851048041 0.4868833414683282 
0.483832865357399 0.0806895935384091 -0.03410451066796668 0.4836208021370226 0.49618717333614704 0.5127585165016619 0.4888635273935137 
0.48180867582559583 0.09243838305585086 -0.03455053048703121 0.4880666396928664 0.49615758677626515 0.512874180437196 0.47893172009741497 
0.47939916342496874 0.10312948434482677 -0.0355766066868091 0.4894335454218378 0.4969937453344145 0.5133040598351709 0.4739009013271276 
0.477746524810791 0.11309471735730767 -0.037620795033872126 0.48637195928817767 0.49710015401199337 0.5136074699059794 0.4796317283012822 
0.4776874876022339 0.12230947308242321 -0.03806154820893425 0.48654367439919505 0.4961379300418539 0.513525701466531 0.4815246271450339 
0.475870324075222 0.13109703110530974 -0.03508450131324935 0.4822690611283315 0.4970276345601303 0.5158558961040325 0.4865806573495557 
0.4736937004327774 0.13888424750417472 -0.03464404261962045 0.48257829904608607 0.4959844401157563 0.5155584959753078 0.48933090225616965 
0.4728881013393402 0.14371144700795413 -0.03483592481003143 0.4827404883654634 0.5025549838548495 0.5199792248132049 0.47958623177344156 
0.47067797631025315 0.14909448806196451 -0.036475451428705126 0.47617524207651873 0.5067074470585253 0.5251671584506458 0.46697261817216573 
0.46805544316768644 0.15355195604264738 -0.03516015434986912 0.47347775179891466 0.5093486753255753 0.5281063523809146 0.4603823565128496 
0.46733235478401186 0.15731067083775996 -0.03462066606979988 0.47830268734073045 0.5081137621019485 0.5264854814888313 0.47048263838449017 
0.4666116550564766 0.1598387097939849 -0.03976887929136865 0.47452713342514635 0.5070808801306999 0.52727712301906 0.4665333237849751 
0.4655395793914795 0.1618573657423258 -0.03650936631020159 0.4811888352990787 0.5123588243934053 0.5285944410458985 0.45417123180327257 
0.4637917312979698 0.16388663034886122 -0.038774605944927314 0.4796467300137443 0.5122947793129847 0.5325427549265968 0.441705950277656 
0.463831444978714 0.16673956885933877 -0.041084071774967014 0.47265002590914557 0.5095069587152138 0.5321005642558514 0.458621433101274 
0.4636316728591919 0.16769037365913392 -0.042284523492562585 0.47271167657950997 0.5123585635332674 0.5314220046458388 0.45919013039337064 
0.46412285178899765 0.1697079262137413 -0.043272380337584765 0.47134256468415325 0.513677804235468 0.5306735513019325 0.4690748788254598 
0.4641494530439377 0.17114468984305858 -0.039820666005834934 0.4817556773727044 0.5088083983158475 0.5287125603106065 0.46200074245189265 
0.46281772047281267 0.17301917403936387 -0.04008272270810267 0.47653290855211516 0.5159244666318057 0.5325777645407492 0.4493484203551796 
0.46186426043510437 0.17308949619531633 -0.0420937178460008 0.4826397059261648 0.5160313316911044 0.5344093095605915 0.44271265941100624 
0.4606251809000969 0.17367246128618719 -0.040772001154255125 0.4840659005434751 0.5124018997388005 0.5332833610374199 0.4426992087393474 
0.460924311876297 0.17456853549927473 -0.04033696605154546 0.4786678255404018 0.5111526349103608 0.5324757023661123 0.44707000137473085 
0.4612031453847885 0.1751082616299391 -0.03914847277395893 0.48267186925733113 0.5028472645815687 0.5322547438605504 0.4518145681364703 
0.4618362954258919 0.1766275905072689 -0.041319199135177766 0.4754002271015931 0.5082640298210009 0.5380050331251849 0.4411136615437657 
0.4594843575358391 0.17678359247744083 -0.041958018043078485 0.47834345114813703 0.5076372337347684 0.5365868872405699 0.43894359638783004 
0.4593695664405823 0.17770496986806392 -0.04217810903210193 0.4817315810340675 0.5102557564743212 0.5366308399757852 0.4412761713967472 
0.459406863451004 0.1790176048129797 -0.043072573414247015 0.477493551195278 0.5077010575570851 0.5379470592841212 0.4389094761894378 
0.4598937898874283 0.17939759492874147 -0.04181659479538211 0.4788196357841088 0.5065112372246477 0.5344960688879262 0.45098591839245794 
0.46094554841518404 0.18018790252506733 -0.04202197230479214 0.4755251779593906 0.5083221720423546 0.5336369281104476 0.45539504014673143 
0.45992234140634536 0.1812446157447994 -0.04397009427841112 0.46833931554063857 0.510928886873106 0.5359009272664854 0.45033308077019074 
0.4599817156791687 0.1800845491117798 -0.04213289081089897 0.4731110132752401 0.5143276122739127 0.5359213327697205 0.4481227789924759 
0.46019300013780595 0.1790623240172863 -0.041790420824545434 0.476919890522147 0.5147068159120084 0.5381975132511999 0.4243852755281336 
0.46152804732322694 0.17914701713249087 -0.04490648654755205 0.47983190119462593 0.5087073866018689 0.5362186309407948 0.4467310936711163 
0.4606883880496025 0.17990797579986975 -0.043978413365584855 0.4742867136549732 0.5067935408322569 0.5319956384780551 0.4575864455620048 
0.46008225440979006 0.18114782189950346 -0.045594926221529025 0.46552432526346876 0.5059766666632487 0.5315448166405895 0.4651192918738212 
0.46079633504152295 0.18098416406661272 -0.04499744077445939 0.4702573280260564 0.5115181468508568 0.5366294655107765 0.4482582918864146 
0.4593816727399826 0.18106036584824323 -0.044713948732241986 0.47456481098567066 0.5128069161424849 0.5357380029134174 0.4542952020977992 
0.45940677642822264 0.18077359970659018 -0.04613590653927531 0.47214586564588495 0.5168808077553343 0.5379412464908679 0.44474429921361547 
0.46023943573236464 0.1809360210597515 -0.04601117441932729 0.4725717232084443 0.5136942778092011 0.5373800772581607 0.4502060665640655 
0.460239352285862 0.1799223353341222 -0.045203690687485504 0.47850227437926074 0.5118006642648749 0.533655637757188 0.4491296585424191 
0.4586213552951813 0.17993406869471074 -0.04614186684892047 0.47622226198074 0.512319203177386 0.5350276368945548 0.4474300881131551 
0.45856772124767303 0.1798600671812892 -0.04522161643428262 0.4799529363758914 0.5061542598613533 0.532543693118781 0.4571406090040344 
0.4584369134902954 0.18100457632914185 -0.04406151972179941 0.4769766462820984 0.5079435276305689 0.5306628980131953 0.46559059857244883 
0.45927889347076417 0.1811653946340084 -0.045108910257113166 0.476794837585348 0.5107342432729547 0.5347042531412758 0.447562124768692 
0.4593894618749619 0.18239472031593323 -0.04196681673602143 0.47152852400288536 0.5112980824819784 0.5330657153177452 0.4581079066476693 
0.45959153562784194 0.183297051070258 -0.04353656851570122 0.4696885170483492 0.5088811030999214 0.5319435200010378 0.4673795577969482 
0.45934895396232606 0.1832000694796443 -0.04634000382910017 0.4703415777696916 0.5095287211107838 0.5318607628072455 0.45878810061226233 
0.4590813508629799 0.18337040204554797 -0.04518911710707471 0.4776106249153915 0.5094223262661849 0.531273979820198 0.4607561790855978 
0.4593850737810135 0.18365906573832036 -0.04527888431795873 0.48454194680131757 0.5066305968497995 0.5328170464307429 0.45263123295079455 
0.4603024896979332 0.18367872999981047 -0.04579373187152669 0.48600789866970023 0.5026429140704842 0.530964129631593 0.45420314997529715 
0.4607182055711746 0.1822845391370356 -0.04558390532794874 0.4871555651464361 0.5017563955508436 0.5314043007002034 0.45960523959275607 
0.4608142554759979 0.18163736326619984 -0.04747076864397968 0.47979364875645053 0.5058097925645252 0.5311265541743463 0.46432323534839826 
0.4607556375861168 0.18001837898045778 -0.04812566933132985 0.48086678857041776 0.508552534412472 0.5315499695800653 0.45521047692686123 
0.46137268394231795 0.17998682115867268 -0.04529468787892256 0.4848757953902904 0.5119496244992061 0.533878661301562 0.44530503898554036 
0.46096052914857866 0.18044798551127314 -0.04518144824833144 0.48731694855994123 0.5066059352649959 0.5319308015767069 0.44886005887788394 
0.4614702698588371 0.17903870649635792 -0.04485773887950927 0.4844629084441438 0.5087899010726857 0.5325696801553811 0.45153570836481677 
0.46368328869342806 0.17787700567394496 -0.043892766202334316 0.485513151794518 0.5132123424810097 0.5337497856339803 0.4458856517901201 
0.4633898839354515 0.17716125778853895 -0.04281628635777451 0.48670281890321965 0.5127817189666325 0.5332700185003167 0.4458786506124519 
0.4617747476696968 0.17708054006099702 -0.04471509200404398 0.48471318975829936 0.5106272780805183 0.5371164995036434 0.4369193109720524 
0.46247604221105576 0.17726947851479052 -0.044460037775570525 0.48137414931030625 0.5131518641159026 0.5348288356422771 0.44379044579130905 
0.46077267080545425 0.17693656262010335 -0.046958108055987394 0.48638917800501835 0.513956161516671 0.5392619210990924 0.41813259494075433 
0.46249220073223113 0.1772414911724627 -0.045953496794682 0.4827130163249766 0.5121484293311016 0.5375330174700008 0.42897367795946345 
0.4599977207183838 0.1771560588106513 -0.0445877896057209 0.4872982742987878 0.504407746265952 0.5340007695870875 0.4296374163180655 
0.45878064453601836 0.17786468125879765 -0.043301793851424006 0.4867576299143686 0.5040476051905924 0.5339018627848441 0.44644872608158825 
0.4584801971912384 0.1773024175222963 -0.044403093398213966 0.4923452327876512 0.5081383064865639 0.5322720960013119 0.4395117845464183 
0.45927876740694046 0.17043311649933457 -0.044504956791643055 0.4872035471475064 0.5085274481393147 0.531864248970541 0.44881530041183204 
0.4553122466802597 0.17704355027526616 -0.044959909469034755 0.48384178025211966 0.5035121628048761 0.5284769224307285 0.4387967084322171 
0.45479953676462176 0.17701946139335634 -0.04476981896208599 0.47970537376036687 0.5021602374118784 0.528508872713788 0.44287459113381217 
0.4544305768609047 0.1765794463828206 -0.04431279660144355 0.47980909040335284 0.5077437881955682 0.5290614333473048 0.4305271501716746 
0.45610846757888795 0.1765748125873506 -0.04658969551353948 0.4788580440570367 0.5035489621030191 0.5281102392907093 0.4378606539897506 
0.45786834478378297 0.17629616746678947 -0.04521529007412028 0.4747042488283551 0.5088278647695575 0.5296014233475419 0.43952392309249055 
0.4957887089252472 -0.5948148143291473 -0.027189690582454205 0.4773795030364512 0.5097374811403139 0.5287803464285425 0.44773377074783016 
