0.005278736352920532 -0.005814741253852844 -0.00046912267804145814 0.004985491478142206 -0.005002346843044211 0.004996988333381541 -0.005015127952436093 
0.5148460474610329 -0.5590867192298173 -0.039587039577309045 0.49939078081045196 -0.5009700509496455 0.4447146836877971 -0.5022490822214634 
0.5178224316239357 -0.5269520805031062 -0.04918353903107345 0.5552793132828029 -0.556550529633299 -0.013767414651409227 -0.5630118129457555 
0.5239298199117184 -0.4803792724013329 -0.04055615698336624 0.5357683859087501 -0.541196470751209 -0.25542111432127496 -0.5424605665439167 
0.5353048872947693 -0.4418357081711292 -0.03424878968624398 0.5080483307122797 -0.5263444804535803 -0.36931330705631493 -0.5186129674125928 
0.5485495486855507 -0.4102653913199902 -0.027851029276789632 0.4933546168742024 -0.5120748036433365 -0.42588322648734844 -0.5037801539701362 
0.562077130228281 -0.3817064635455608 -0.025242208250565456 0.48707228464404595 -0.5013552831410922 -0.4544383277177243 -0.495683379567199 
0.5755462449789047 -0.35419170558452606 -0.023231604772154243 0.48511998089688496 -0.4905107175728083 -0.4694447357276897 -0.49194768639645725 
0.5844157420098781 -0.3297616520524025 -0.023222276802989654 0.4845962570501829 -0.48656177946747986 -0.4771809558897477 -0.4899841897740995 
0.5938439618051052 -0.30759176149964335 -0.021493038921616973 0.48419699232482893 -0.48676027538422184 -0.48031276704272885 -0.4883021117307091 
0.6003700909018517 -0.286969093978405 -0.021990902165416628 0.484363174043517 -0.4863202359989112 -0.48184509567240236 -0.48735339990992554 
0.6014145389199257 -0.2677729927003384 -0.022801027215318754 0.48465143422201684 -0.4858612291434852 -0.48259825798253353 -0.4868499217159502 
0.5990040495991706 -0.25094420969486236 -0.02207086087204516 0.485175961399163 -0.48485046298864043 -0.4831097598754358 -0.48682665328895125 
0.5938384920358658 -0.2365204781293869 -0.021991013654042036 0.4853141419237859 -0.4847294083756914 -0.48328362197603025 -0.4866562675257796 
0.5888635926693678 -0.22730766341090203 -0.019997921261665396 0.48558729786608185 -0.48441877368310976 -0.48335974280603944 -0.4866216970570483 
0.5806478815153241 -0.21707128673791887 -0.018169828278478236 0.4860723731266473 -0.4834088505706183 -0.4836441826628082 -0.4867901770887789 
0.5697708733193576 -0.20917488247156144 -0.01787639149231836 0.4859346213220841 -0.4838013237157757 -0.4837032922584445 -0.48653319333800765 
0.5577093276381493 -0.20118020057678224 -0.015955791450978724 0.4865858794942649 -0.4814647796982385 -0.4844348015522643 -0.4870942064581109 
0.5448899365961551 -0.19676794320344926 -0.012272168003255502 0.48658925159771294 -0.4814060048054695 -0.4845294988737328 -0.487107693398214 
0.5280480927601456 -0.19298574462532997 -0.011446889502476552 0.4861814244796248 -0.4828014985608052 -0.48426320525956057 -0.48665611280738547 
0.5112546967715025 -0.19157390236854555 -0.010265638752025552 0.4864769970357374 -0.4814172746679374 -0.48468197731425555 -0.4868706017760323 
0.49355366319417954 -0.19187290370464324 -0.0066218429670152545 0.4862087493484493 -0.48278035779483297 -0.4843723201341781 -0.4864957183734154 
0.4728340257331729 -0.19296699844300746 -0.001955771818757057 0.4861329374967713 -0.48298091162340734 -0.4843988248720549 -0.48641016945965027 
0.45379720341414215 -0.19261942066252233 0.0014534609849215486 0.48636799335912195 -0.48171414175117855 -0.48481348623718923 -0.48663320954212574 
0.43280433053150774 -0.19341757252812386 0.0058684062218526374 0.48649050426336915 -0.4811191169526098 -0.4850954425247188 -0.48671221653162383 
0.41235824724659326 -0.1985493215918541 0.012433810691873078 0.4862092287239757 -0.4823124350903064 -0.48487113985699215 -0.48642764778045466 
0.3901999456807971 -0.20521519750356673 0.01947419552365318 0.48652752265441984 -0.48087275002179714 -0.48531367906001804 -0.486696490495575 
0.36793347023427486 -0.21049403697252272 0.02653731288783092 0.4870327343295023 -0.47908482350119813 -0.48593361513243605 -0.4870692094345379 
0.34577337063848973 -0.21843304384499787 0.03565403949003667 0.48632330434061977 -0.4818742722881638 -0.48527693844050196 -0.4863044175720164 
0.32426578253507615 -0.22373164489865302 0.04514376559644006 0.4872010893696688 -0.47835751798278786 -0.4862014950341177 -0.4870477365277221 
0.30313208013772963 -0.2361607100814581 0.053760569704463704 0.48820679822950497 -0.4704360035924847 -0.4872333189881393 -0.4879750578999636 
0.28260035678744316 -0.24599250011146068 0.06092743787448853 0.4882017097042029 -0.4722683063537357 -0.4873316421564283 -0.48794034235134487 
0.2635111972689629 -0.2509942376613617 0.06666323245775857 0.4874877901142021 -0.4774954867520329 -0.48658140308077025 -0.4872103823759183 
0.24394378520548343 -0.25341829396784304 0.08066051114874426 0.4869881732327753 -0.47975881444615154 -0.48607535535706575 -0.48672396336685625 
0.22477405309677123 -0.2622610495984554 0.09510027395692305 0.48756086249206787 -0.4764517618915016 -0.4866310546659141 -0.48734382061240256 
0.20742064595222473 -0.26924671173095704 0.10726662151515484 0.4890324297519609 -0.4671552592161488 -0.4881352909940881 -0.4888823106296822 
0.1919404748082161 -0.2727713655680418 0.12185942310257815 0.4883932836545337 -0.4712374027578037 -0.4875958209165481 -0.4883937451669022 
0.17848873294889928 -0.2808842245489359 0.13526005464605986 0.4886405669568771 -0.4687413237290894 -0.4879743759992572 -0.4887500274252103 
0.1649506613612175 -0.28984897017478944 0.15058823961531742 0.4882377122266156 -0.4706836339179493 -0.48769584781044395 -0.48850388802257216 
0.15125146955251695 -0.3008713278919458 0.1649892116477713 0.48775921309426423 -0.47373268650228395 -0.48743167043789215 -0.488130946253142 
0.13875343370018528 -0.3121707119047642 0.18067081727087497 0.4888618306540559 -0.4672031598114923 -0.48873049178545164 -0.48941572938641587 
0.12708127677440642 -0.31684432551264763 0.19865108364261685 0.48773582251382186 -0.4715438273256782 -0.48796961828368457 -0.4886327408246173 
0.11646108853630721 -0.32187945399433376 0.2169005242269486 0.4870015754089366 -0.473647905822476 -0.48745177677646956 -0.4881912466739471 
0.1027411584602669 -0.32580056618899106 0.2350310400838498 0.4818371910921237 -0.47040249106196724 -0.48269552526419035 -0.4833268952640297 
0.0929172535269754 -0.32724190477048976 0.25277047365903854 0.4818809469706803 -0.46725430678087804 -0.4829859093805021 -0.4835617992513272 
0.0835571775957942 -0.3260932116908953 0.2722325504524633 0.48293821536499154 -0.46042375870105823 -0.4843539365991991 -0.4847995352345393 
0.07299243151443079 -0.33055011395132167 0.29116828451864424 0.48227324929263515 -0.4651321566035096 -0.4839215271962401 -0.48409214699379255 
0.0629821068700403 -0.33045681620948014 0.3119626015610993 0.4861070736561684 -0.44378399373821714 -0.4878377243892738 -0.487731693942465 
0.0628300120611675 -0.3351557614468038 0.3270661305077374 0.4866544585613214 -0.44421795763072147 -0.48846851597263435 -0.4883285339075451 
0.0472293139854446 -0.32453784573823213 0.348527646381408 0.4803045506950089 -0.44198504966180807 -0.48242583266870426 -0.4820807242345375 
0.035710052703507245 -0.32143048144876957 0.3696194907277823 0.4793001295746022 -0.4522399526114262 -0.4816117402823179 -0.4811823425732464 
0.02303865235298872 -0.31993030283600093 0.3899300990626216 0.4787567441250454 -0.4495181764861853 -0.48113066164946067 -0.480606844028214 
0.007002151634078473 -0.31566656615585087 0.41072938315570356 0.4775110483033195 -0.4245946256225705 -0.4800407317312334 -0.47933405827939957 
-0.006481222508009523 -0.31147681556642054 0.43045697174966335 0.48100480187599104 -0.4084239657929908 -0.48349500391282263 -0.48271516863335756 
-0.021961251136381178 -0.3076719822362065 0.4505902649462223 0.47975083983641265 -0.410388359399173 -0.4820148732894307 -0.4810623863366519 
-0.038157204734161496 -0.29959883518517016 0.47075087890028955 0.4820788552172107 -0.41380397292271764 -0.48401189390693794 -0.48305687527376945 
-0.0441853414545767 -0.2973536911606789 0.48312809865921735 0.48362662555274055 -0.3954791461492778 -0.48508060966443595 -0.4839886970479821 
-0.06815853700041771 -0.2844862136244774 0.5031703124940395 0.4783061220789996 -0.3938658767492702 -0.4794579249667467 -0.4782922190986951 
-0.08802287588594482 -0.27491115242242814 0.5223727063834667 0.4788606659917532 -0.4000904855801646 -0.4794862913591837 -0.47834916419474643 
-0.10806468731258065 -0.2649150700122118 0.5404415878653527 0.4791564135416055 -0.39648111295704636 -0.48157509544739946 -0.48058058201670234 
-0.12846609292319044 -0.2544714380055666 0.5595407730340958 0.4808031339965578 -0.385785820287893 -0.4818070156773249 -0.4807887471389526 
-0.14866450464585795 -0.24225363709032535 0.5794519565999507 0.48184772963370603 -0.3866553837207216 -0.4819397026532944 -0.4812075330284557 
-0.16865591073059477 -0.22973122831434012 0.5990599593520165 0.48064069059508185 -0.3978040639160269 -0.4801074943727281 -0.47948885570662836 
-0.1889745731279254 -0.21837616518139838 0.6178641521930694 0.4798870811806517 -0.3971443975169713 -0.4788878028659316 -0.47826278838021585 
-0.20961016651708633 -0.20514089536853133 0.6365565168857574 0.48269159910246606 -0.38375716945507743 -0.48117713553286323 -0.4806383461686617 
-0.22996783766895532 -0.19106646914035083 0.6552365532517433 0.48215191916390254 -0.3894850411806001 -0.48026258673153643 -0.47972265054669955 
-0.24976503917947412 -0.1773537607677281 0.673148526251316 0.48764098242606574 -0.35455227690257973 -0.4852915946419155 -0.4847696729412738 
-0.26910663284361364 -0.1649452530220151 0.6914464500546456 0.4894952992025135 -0.3545033312195377 -0.4866078040743217 -0.4862318515473595 
-0.28825631432235244 -0.15353010880877263 0.709124773144722 0.4891112689721765 -0.3552768535729078 -0.4858535823011727 -0.4854254272210827 
-0.3061152786388993 -0.1384834374464117 0.7267190501093864 0.4949756660373773 -0.3351456949572782 -0.49158643759465825 -0.49077645473832127 
-0.32337077509611845 -0.12389015992172063 0.7446024540066719 0.49626815379139644 -0.3330164405604114 -0.4922644303708112 -0.4911593188814378 
-0.3374994717806112 -0.11177981741144322 0.7591959431767463 0.4908094259014565 -0.3655716840472675 -0.4867544575972271 -0.48545337232989616 
-0.3498157260194421 -0.1011946914717555 0.7735136485099793 0.49117467997216463 -0.356399704500568 -0.486215978279356 -0.48485402694439217 
-0.36164975782856346 -0.09050909306737594 0.7868360063433647 0.4945780858468882 -0.33916048663754095 -0.48933939877361554 -0.4875510313289324 
-0.37175543017685414 -0.08114677244564518 0.7996103984117507 0.4959707554511564 -0.3314636450262304 -0.4902702580901746 -0.48862763755013583 
-0.3798030611872673 -0.07256383256724802 0.8103130921721459 0.494474044811002 -0.34101381716308793 -0.48841584278089323 -0.4863078277501361 
-0.38787827134132385 -0.0672236619074829 0.8217850703001023 0.4987175160687839 -0.2988324264192868 -0.49141652904401156 -0.48934987381046086 
-0.395037651732564 -0.05846636642236262 0.8308838403224945 0.4990174251832172 -0.3201768432055038 -0.4924313718713806 -0.4898786489234193 
-0.39915303733199836 -0.05263334547169506 0.8384946465492249 0.49701037753567917 -0.3342576895500502 -0.48912943342575277 -0.48703009897164024 
-0.4019999194983393 -0.04633767030551098 0.8443370705842972 0.4955527366940053 -0.35171915196990355 -0.4873003240086831 -0.48457397383863116 
-0.4042054883390665 -0.041869439406436865 0.8497319000959397 0.4957700217133598 -0.3424199599006673 -0.4869172067096528 -0.48403180640541515 
-0.40554825860541316 -0.03542138988268562 0.8540841263532638 0.49275901255842297 -0.36221607704788783 -0.4861685927875199 -0.4831559454528101 
-0.4060214695241302 -0.032698272617999465 0.8585853439569473 0.49678823308447356 -0.3453750859720291 -0.4872109915382222 -0.4846563898527686 
-0.4069792478904128 -0.0281270140682318 0.8634004563093185 0.4985196043841181 -0.33208465373677887 -0.48753497381780575 -0.4850786133290626 
-0.40807682778686283 -0.023098112031148046 0.8675970095396042 0.4988652122675888 -0.33479887780511147 -0.4882270501836218 -0.4853049545995339 
-0.4093752163648605 -0.01881815393047873 0.8716403156518936 0.5003478927808463 -0.3202206869481269 -0.4896567089121293 -0.4867035875833084 
-0.4103446125984192 -0.013392016324942232 0.8755277121067047 0.50160393972402 -0.3231938696130502 -0.4909969742699189 -0.4881778597001764 
-0.4097684543579817 -0.00941156604072603 0.8779826772212982 0.5007336759793827 -0.3326601864738812 -0.4892238554186656 -0.4871296474205968 
-0.40945924282073975 -0.006809631850337609 0.88018181681633 0.5007948039530159 -0.33288224618925305 -0.4898337444873425 -0.48769593152120705 
-0.40981993824243546 -0.002787002655095421 0.8832671481370926 0.5022658442986693 -0.31906726296553933 -0.4905595700994473 -0.48856258279351683 
-0.408876229673624 0.0008943008839560207 0.8853036201000214 0.5017995346389 -0.33278013463319245 -0.4900518880880698 -0.4882017556206399 
-0.40791052907705305 0.0018668651964981109 0.8874884593486786 0.5029867504534365 -0.32046565025956947 -0.49023585862550884 -0.48864076673729984 
-0.4077695128321648 0.0036781962125678547 0.8895086687803269 0.5035784315898011 -0.32101292839989226 -0.4909312293294727 -0.48913615364029434 
-0.4070167376101017 0.005262149693444371 0.8907492011785507 0.5017243539534314 -0.3257693583897222 -0.4894228895724824 -0.48755942914639855 
-0.4072109743952751 0.007916655089356937 0.8935304927825928 0.5039896002979218 -0.31543215040882716 -0.49136518716120237 -0.48980266500062747 
-0.40525147020816804 0.009957129715476186 0.893914937376976 0.5003902695770419 -0.3449296139818013 -0.48863068129861875 -0.48666723676114626 
-0.40164423823356626 0.01333498282765504 0.8925810009241104 0.4979702890572594 -0.3625817547071588 -0.48536535613896525 -0.4836171992286996 
-0.3988469858467579 0.014210831412347033 0.8926619583368302 0.49758454641778516 -0.3592614135922775 -0.48383586984577215 -0.4821663878869921 
-0.39711802423000336 0.017146765566430987 0.8944452142715454 0.5002996529407004 -0.33777241006563585 -0.48630638697979345 -0.4846003448777044 
-0.3879732608795166 0.01157388378152973 0.8855707424506545 0.4994517960580683 -0.34754735383142815 -0.48631355436671897 -0.48405272584357034 
0.46073294162750245 -0.5527572011947632 -0.02526718720793724 0.4959971937074993 -0.3185703824864047 -0.48308478007916245 -0.4808905989254288 
