0.0048413857817649845 -0.003694665431976318 -0.00014698489569127558 0.005216250031610098 -0.004660588870539578 -0.004760528123262612 -0.0053298235407146476 
0.5291296502947808 -0.5267437748610974 -0.03824019894251251 0.5020120312596947 -0.4011553303441254 0.31602556473272686 -0.5149260578062017 
0.5242023849487305 -0.4958255298435688 -0.03978272548061795 0.5859129679755938 -0.43915921430824867 -0.0954868259663534 -0.5934294102426183 
0.5133319893479347 -0.44907440021634104 -0.02530922809499316 0.5753650735244218 -0.4216955250149963 -0.3093412369799772 -0.5838245661701411 
0.5190845346450805 -0.4099318002164364 -0.0195125883428409 0.5488253060981588 -0.41360380970055144 -0.41186185591640956 -0.5623777162324702 
0.5256087523698807 -0.37616771206259725 -0.01827600032207556 0.5363784348396616 -0.38976556622616015 -0.4694514585907717 -0.5492766126341411 
0.5177671712636948 -0.33739926502108575 -0.02292879489978077 0.49765599150602874 -0.3932732643878029 -0.47529891688119813 -0.514154347327167 
0.5161795964837075 -0.3072148336470127 -0.02249970692093484 0.49049916731303334 -0.3561267019054231 -0.48168505829038294 -0.5008041801676706 
0.5050266675651074 -0.27813404753804205 -0.023473207029164767 0.47675226290644085 -0.31791710424928327 -0.4759883557276305 -0.4785011971535366 
0.5019456186890602 -0.2525240743160248 -0.02447979538468644 0.46512551906538896 -0.3164012538652628 -0.47084487062596503 -0.4714424460041432 
0.5066032274067402 -0.23606293573975562 -0.02552604542055633 0.45655384995104287 -0.3215467608415701 -0.4631092414452198 -0.4625921056724838 
0.5088564896583557 -0.22073775947093963 -0.02312446000345517 0.4522275472385261 -0.3215576530543297 -0.46035973312729395 -0.4579862783535063 
0.517192585915327 -0.21239810183644295 -0.021909467675723136 0.44712307445295757 -0.33024343267010026 -0.46124778782574466 -0.4541429247583953 
0.5166643193364143 -0.20154109969735146 -0.01993835035013035 0.44173931858456783 -0.3110155206501589 -0.4581072092062064 -0.4543252459101846 
0.5127515411376953 -0.1901375612616539 -0.01673126108944416 0.44021240070075296 -0.2886618868615981 -0.45536645342829735 -0.45295853807757835 
0.5083248306810856 -0.18127530410885812 -0.013668378004513215 0.4320325678208038 -0.2735889868426404 -0.45060955058182345 -0.4487487723075504 
0.5051606865227223 -0.17807164400815964 -0.012244698544964194 0.43049174713131033 -0.28090320600585517 -0.4454433984999017 -0.4383624914852651 
0.5120645006000996 -0.17728281497955323 -0.011831521031708689 0.42442318315771177 -0.305232048568463 -0.44343672123884864 -0.42753713330539755 
0.5167615862190723 -0.1733120311796665 -0.01141530305321794 0.42889996237962735 -0.30282151508083266 -0.4420719826909963 -0.4335444041951558 
0.5159563404321671 -0.17029015943408013 -0.006336536285234615 0.43323109842877616 -0.27448161509612606 -0.4440955878617849 -0.43856958047994643 
0.5094280830025673 -0.16949907824397087 -0.0010707653357530944 0.42965671875990197 -0.23853434891194933 -0.449577448342008 -0.4457350764264778 
0.510404396057129 -0.16864332750439645 0.002502509030746296 0.43032467109425854 -0.25632244489454914 -0.44862890149568124 -0.444923957319623 
0.5088163463771344 -0.1690420114248991 0.00710925376333762 0.4348168584723894 -0.251417659996561 -0.45018855170756034 -0.4461920392276609 
0.5066382446885109 -0.1693631501495838 0.01091990424814867 0.43668547961782517 -0.23775577991994015 -0.4524263423529533 -0.4493883024684102 
0.507235759794712 -0.17160411328077316 0.012250713519752026 0.4322525384750912 -0.24288432565371199 -0.4498855881229653 -0.4469054957566964 
0.510299964249134 -0.17053525447845458 0.015433624762808905 0.4328071936093694 -0.25493160274764615 -0.4477917074721611 -0.44513632447207013 
0.5184108030796051 -0.17082758329808712 0.013746783339302055 0.43020541840294846 -0.2851681751887851 -0.44310998976507626 -0.44003436202691093 
0.5139494210481643 -0.170174825116992 0.017002025597030297 0.4344422793566777 -0.23991947218684384 -0.4467701811963846 -0.4448289668232994 
0.5130363038182258 -0.1669365132600069 0.01962168209371157 0.4280943767305299 -0.23150374668616533 -0.4492191007583915 -0.4467891663841854 
0.5166338101029396 -0.16943663716316223 0.019437347580678763 0.4247696915182047 -0.24748057801249587 -0.446965416298467 -0.4429196087664083 
0.5207835313677788 -0.16909887082874775 0.020305196381232234 0.4296326897890899 -0.26335057001708007 -0.4462584958046791 -0.4393382564382586 
0.5218716740608216 -0.17157252937555312 0.020677350950427352 0.4322799806702274 -0.2668257511461671 -0.4454894635833371 -0.441658831126213 
0.5188509303331376 -0.17040278434753417 0.025275641662301496 0.432552430233207 -0.2533685882865902 -0.4494030209193403 -0.4468348017799906 
0.5215010635554791 -0.16853791549801828 0.02841143088764511 0.43174264150645864 -0.27768857452104745 -0.44679308367611986 -0.44487443704161117 
0.5226476472616196 -0.16955101631581784 0.031700298531213776 0.4289617374333845 -0.26177717316925514 -0.4486767744379467 -0.4414665644522392 
0.5177719905972481 -0.1684411434829235 0.03576389954891056 0.436495430269513 -0.23136762329275334 -0.45261416771825447 -0.4476112629010431 
0.517924035191536 -0.16942392446100712 0.038757120384834705 0.4291442555674781 -0.23604879164481202 -0.4516173356982516 -0.447703081960488 
0.5243139201402665 -0.1713782498240471 0.03826968207547907 0.41959052442427763 -0.26490604423419145 -0.4478204812966369 -0.4443883761018522 
0.5247388470172882 -0.1734724620729685 0.04187636177288368 0.4293015075117348 -0.23987151017333253 -0.4480786793498973 -0.44561582404857497 
0.524839522242546 -0.1738428394496441 0.04174118797876872 0.4319888046469131 -0.23332838926479238 -0.4481703198084431 -0.445915234033636 
0.5230129015445709 -0.17582147121429442 0.045588382149580865 0.43441305231218746 -0.24816801651514894 -0.44982772984694774 -0.4419762152690822 
0.524364767074585 -0.1736872322112322 0.0480462371581234 0.434245786341803 -0.2506333268711248 -0.4485869594879786 -0.43797693937148546 
0.5286765930056572 -0.17490886613726617 0.04982664809096605 0.4301964760902946 -0.2703797723865498 -0.4494725496753005 -0.4423615494184893 
0.5284466713666915 -0.17355627335608007 0.05483930885493464 0.4327030146251893 -0.26222093995134754 -0.4498917781114992 -0.44635296686416287 
0.530039264857769 -0.17273670077323913 0.053619433240965006 0.42328618580526184 -0.2611235482037095 -0.44921425878650695 -0.4473351852620499 
0.5308621634542942 -0.17557317540049552 0.05541083031450398 0.42989771999065274 -0.2552427544108302 -0.4481500498739115 -0.4415421702449646 
0.5309837548434735 -0.17334588766098022 0.057490670448169114 0.43204757571124314 -0.25070202787881596 -0.4487953458684619 -0.44512295480593755 
0.5272457461059094 -0.17521436825394632 0.06471796527912374 0.43635300442652863 -0.24207634980942214 -0.4530053394300154 -0.45081309759984933 
0.5272598268091678 -0.17280301004648208 0.06794775141141145 0.4373337365735608 -0.23834339126860032 -0.45204183745982823 -0.4508261915489071 
0.5317867907881737 -0.17437407054007054 0.07101970330812037 0.4345039961655576 -0.26903708941387416 -0.44719792776825373 -0.4465123666267203 
0.5323978944122791 -0.17575090296566487 0.07301501443173038 0.4368352871536165 -0.26321131480162835 -0.44744424205371275 -0.4400534004177875 
0.5369514641165734 -0.17700813129544257 0.07285827388288453 0.4351223485382271 -0.27668573670763885 -0.4451515052800975 -0.4416091961265701 
0.5399348153173924 -0.17914689622819424 0.07509287658147513 0.43408420805913667 -0.2889091570723712 -0.4435778265619318 -0.4415870985119137 
0.5406581562757492 -0.17857978336513042 0.07578758502029814 0.43509256830157983 -0.27454117384966087 -0.44438777080848113 -0.43588587818493457 
0.535836109817028 -0.17736803449690342 0.08248408566927537 0.4372742617159971 -0.250112968240705 -0.446625007936374 -0.4373510419976994 
0.5381220644712448 -0.1783617591112852 0.08080051857745275 0.4313417545520086 -0.2690306939539086 -0.4477690096633382 -0.4344437247428536 
0.5373952895402908 -0.17937680467963218 0.08120494191942271 0.4341187314758372 -0.2591437733268696 -0.4483724680046418 -0.4416533394120378 
0.5397013047337532 -0.18227917537093163 0.08159730993676931 0.4326752956271455 -0.25186379921484464 -0.44511878679594075 -0.44179815562311653 
0.530191538631916 -0.17809543915092946 0.08867467331816442 0.43926917387439657 -0.20698850781512196 -0.45030602491460003 -0.44893492393646356 
0.5260607744753361 -0.17682319819927217 0.09292868386663031 0.43408799350042543 -0.20151933381193984 -0.45273190658689644 -0.45070641851991555 
0.5283283257484436 -0.17632241547107697 0.09505114384926855 0.4332770277799333 -0.21201305069853263 -0.45130042985302976 -0.45049077228124285 
0.5280678671598434 -0.17862304516136646 0.09850653193891049 0.43398396387591015 -0.21856402459192523 -0.4497885542778041 -0.44990713699373935 
0.523012393116951 -0.1778982064127922 0.10040675135562196 0.4307686566002833 -0.18618677928501323 -0.450535562068159 -0.4478043255440998 
0.523197029531002 -0.17925422817468642 0.10498999161180109 0.43737937935527216 -0.2054847044786974 -0.45318160299088267 -0.450159740804273 
0.5243480339646339 -0.1811310052871704 0.10673085107468068 0.4377257961675101 -0.2111973233544666 -0.4510834626791446 -0.4506792991431018 
0.5247905287146568 -0.18234272614121438 0.1119788868026808 0.4363751250590307 -0.2174955720234436 -0.44677786488920235 -0.4467176439644336 
0.526201107352972 -0.18424387879669665 0.11577129430370406 0.437578519729134 -0.2251353085193886 -0.44853345558049446 -0.44398498052355334 
0.5195827268064022 -0.18267523482441902 0.1259234877116978 0.4385993933511548 -0.1789420151455921 -0.45289058165972884 -0.4515615934545549 
0.5132269744575023 -0.1827325437217951 0.13463946859817952 0.44290321042541725 -0.18598112895756214 -0.4563074969464501 -0.456092931543659 
0.5086933088302612 -0.1868966943025589 0.13914030328392982 0.44226672577144954 -0.17355426059323636 -0.4556373605895251 -0.4553184586411881 
0.5115829703211784 -0.18907714061439038 0.14023990587098523 0.4413328757721334 -0.20491174886957592 -0.4533560551685562 -0.45365957052601474 
0.5123728854954243 -0.18869410410523416 0.14220355023629963 0.44099607596099477 -0.21169684604290226 -0.4506109498127917 -0.4453273905144605 
0.5159220445156097 -0.19217487379908563 0.14356967492232797 0.43868688921450366 -0.21951061323393234 -0.45030403024601845 -0.44600010135856094 
0.5236941269040107 -0.194320183172822 0.14117833879776298 0.43070381759715076 -0.24685140896678842 -0.4446090691231061 -0.4436331753524902 
0.5224322491884231 -0.1949636811763048 0.14313237907870643 0.43756548832219244 -0.2358138543125166 -0.44672528541933376 -0.4417528723211895 
0.5234457615017891 -0.19561700768768786 0.14508218242786824 0.4382948393424819 -0.23249178446471658 -0.4458610508855063 -0.4424715621144795 
0.5239965961873532 -0.19287715412676334 0.1487970936361671 0.430555375784528 -0.23395641300597414 -0.45081332803341545 -0.44406815121458776 
0.5212488624453545 -0.19340408504009246 0.14924644886981697 0.43654123489342134 -0.22648607554539757 -0.45201950004854957 -0.440482670897877 
0.5187130101025105 -0.191407964900136 0.15124423642642795 0.43449893964552494 -0.22084073057552914 -0.45109037477198366 -0.44131633854616453 
0.5151004532724619 -0.19285934835672378 0.1546159055829048 0.43854284596274806 -0.19491483780158922 -0.4508869056880418 -0.4477438087255346 
0.5157027454301715 -0.19365713976323604 0.15631972598726862 0.43206092816823405 -0.21295365170773833 -0.44751836692355135 -0.44693338076199124 
0.5097615511715412 -0.19266882576048375 0.16217616189969702 0.4376176240121159 -0.19867736702677352 -0.45061723496178435 -0.4503791622315641 
0.5044347699452192 -0.1930793634802103 0.16830684217624367 0.43904066320433377 -0.1965053108847551 -0.456442544149568 -0.44717767294619504 
0.5076319472119212 -0.19353870436549186 0.17022809935850092 0.4324508024617365 -0.20756562387623906 -0.45058587833092106 -0.44313412025407783 
0.5108423484116793 -0.19600117981433868 0.1698081007367 0.43486664059409796 -0.23077072731525555 -0.4462108405938888 -0.4437408098769305 
0.5084070804715156 -0.20052555307745934 0.17035014830937142 0.4343029878407051 -0.228818265874627 -0.44764722467385326 -0.4422398395904431 
0.4993804696947336 -0.1985481357574463 0.17249473734176718 0.42621164158399105 -0.2021081998011787 -0.44280158034666656 -0.4341546475796308 
0.49454388335347177 -0.19479631647467613 0.17284915410898974 0.4239534122533012 -0.20283722595250722 -0.4350729912738794 -0.43370465055154317 
0.48700461611151696 -0.19541051365435125 0.17353326884098352 0.42093869314007676 -0.20722278817398962 -0.427631027949323 -0.42095684197645916 
0.4784535228461027 -0.18845234811306 0.1773231385985855 0.4126934627986725 -0.20752726866931911 -0.4233357872477611 -0.40989990070927873 
0.47484249345958235 -0.19405753016471863 0.18174077287316323 0.41589737565543017 -0.21128361797335996 -0.42561523775196547 -0.4204234029668392 
0.4648643024265766 -0.19133188433945178 0.18566443657502532 0.41391254551833895 -0.1870958493975375 -0.42187696647270884 -0.4188481065247737 
0.4506198898516595 -0.19375822469592094 0.18890473297738936 0.41095704864187105 -0.1770432232514301 -0.4178650533682993 -0.40534022953095594 
0.43057442958001046 -0.19597104847431182 0.19310054842731916 0.39231770293151363 -0.16481740580913076 -0.40413955491040243 -0.4032115182886142 
0.41052357386797667 -0.1942433252185583 0.19586741129867732 0.3790916983951293 -0.17694557915237272 -0.387286867697533 -0.384574322601442 
0.39003105331212284 -0.1891401320695877 0.1855132987909019 0.3593800637647064 -0.16149340361452114 -0.3737443762235454 -0.3675622643327474 
0.3660221645981073 -0.16626950457692147 0.19128309957683087 0.3405465188022792 -0.13876609607415943 -0.34955675404912284 -0.34825147469324863 
0.36338531725108625 -0.16829068213701248 0.19464927580673247 0.342849294330592 -0.1377705146074004 -0.3495873958499251 -0.3453677357675844 
0.36597076000180095 -0.1679234078526497 0.19338683487847447 0.3407649129985984 -0.16366677769674515 -0.34936337114965776 -0.33993818451957003 
0.36441473042126743 -0.16582905352115632 0.19408664832444628 0.34137215010360095 -0.1470994089940436 -0.34661111993128535 -0.3433869019324425 
0.3255178391933441 -0.39053497910499574 -0.017851817049086095 0.3393794557908073 -0.1384585902722985 -0.3462063919167445 -0.3464647749297189 
