0.34247300028800964 -0.466094434261322 -0.1762412041425705 0.49418450377088124 0.49495648994423763 0.5161934384703974 -0.4943117269243323 
0.319397896528244 -0.4452781677246094 -0.20279017090797424 0.49594002628032857 0.49789102557897447 0.5089369300469935 -0.49712294074537106 
0.2957811951637268 -0.4251057207584381 -0.23088963329792023 0.4968235318838919 0.4994443356210461 0.5052538438038808 -0.4984378467811921 
0.27148205041885376 -0.40416625142097473 -0.2615055739879608 0.4973342459051408 0.5003235757592117 0.503401304723148 -0.498920929399152 
0.24770168960094452 -0.3876469135284424 -0.2795833349227905 0.49807500430352614 0.5005887020380705 0.5021966537431669 -0.4991300055587204 
0.22541944682598114 -0.37449413537979126 -0.2894393801689148 0.4970995374283882 0.5018850509869838 0.5028029081966914 -0.4981894027307533 
0.20608432590961456 -0.36489665508270264 -0.2932557761669159 0.4953520873126963 0.5035851232172499 0.503971753204643 -0.4970319961944711 
0.19593670964241028 -0.36051416397094727 -0.2946651875972748 0.4932443222519355 0.5054948319159814 0.5049971042978142 -0.4961481009973586 
0.18987497687339783 -0.35849013924598694 -0.2952696979045868 0.49055543812257774 0.5079801383491869 0.5045967674407951 -0.4966826385725669 
0.18611863255500793 -0.3572089672088623 -0.29560545086860657 0.4884899324808057 0.509892667501061 0.5039449523224545 -0.4974198815108516 
0.18356485664844513 -0.3568326234817505 -0.295821875333786 0.48706122110920175 0.5112159753439555 0.5033249314481208 -0.49808995856921895 
0.18183311820030212 -0.3567756712436676 -0.29598337411880493 0.48615064031000593 0.5120597423670531 0.502864306355938 -0.4985778420330369 
0.18057863414287567 -0.3570670485496521 -0.29615360498428345 0.48555945185916166 0.5126083567265004 0.5025209321985238 -0.4989362725105423 
0.179671511054039 -0.3574686646461487 -0.29632577300071716 0.48519509559380075 0.5129469416206052 0.502278880293071 -0.49918641879094533 
0.1789553016424179 -0.3580509126186371 -0.29652559757232666 0.4849598980140234 0.5131646440325578 0.5021048409853035 -0.4993662724817221 
0.17823560535907745 -0.3589780628681183 -0.2966845631599426 0.4848204689744783 0.5132924046490456 0.5019859106952419 -0.4994899054599966 
0.17747627198696136 -0.36022958159446716 -0.2969690263271332 0.48473563048454504 0.5133723496665662 0.5019251442423536 -0.4995511472450763 
0.1767299771308899 -0.36173078417778015 -0.2972865700721741 0.4847097618202043 0.5133915158785222 0.5018791880479346 -0.49960272099389114 
0.1760455071926117 -0.36314859986305237 -0.2976257801055908 0.4847048236744836 0.5133908587829247 0.5018519369678516 -0.4996355605703365 
0.17540088295936584 -0.3645230829715729 -0.2980356216430664 0.48469341601050125 0.5133972732333467 0.5018193592592294 -0.49967275589658866 
0.17475955188274384 -0.36591729521751404 -0.2984710931777954 0.4846960642956846 0.5133894087881514 0.5017833459415555 -0.4997144323872619 
0.17412526905536652 -0.367300808429718 -0.2988933324813843 0.48470745187383296 0.5133740394261191 0.5017579422322452 -0.4997446839618691 
0.17352353036403656 -0.368589848279953 -0.2992534339427948 0.48471495278553967 0.5133638324829684 0.5017403548377228 -0.4997655514056834 
0.17284457385540009 -0.3700530529022217 -0.2996101379394531 0.48470225516428056 0.5133723102501108 0.5017277747066337 -0.49978178737830603 
0.17216655611991882 -0.3715111315250397 -0.2999604642391205 0.48471121408794027 0.5133601266329036 0.5017330882330435 -0.49978027921575413 
0.17148296535015106 -0.3729277551174164 -0.30029281973838806 0.4847177088811649 0.513350968811938 0.5017337280122837 -0.4997827444917791 
0.17074981331825256 -0.37444162368774414 -0.30063596367836 0.4847168943522562 0.513348482153281 0.5017318857735695 -0.4997879380282443 
0.16996727883815765 -0.3760097622871399 -0.30098414421081543 0.48473062330741273 0.513331258660666 0.5017376773817773 -0.49978649922282137 
0.16911949217319489 -0.3777015805244446 -0.3013352155685425 0.4847455210302931 0.5133121065377952 0.5017444208167441 -0.4997849510560225 
0.1682698279619217 -0.3793658912181854 -0.3016178607940674 0.4847665867363154 0.5132889780446496 0.5017565951360592 -0.49977605048598545 
0.16734185814857483 -0.3811435401439667 -0.301917165517807 0.4847575690761668 0.5132910837832303 0.5017624926579027 -0.4997767136369305 
0.1663397252559662 -0.38300037384033203 -0.3022306263446808 0.4847776018010673 0.5132700817736927 0.5017848671858913 -0.49975638766429975 
0.16534963250160217 -0.384784996509552 -0.302518367767334 0.4847987950373207 0.5132437700823084 0.5018059254875474 -0.49974170723249284 
0.16423951089382172 -0.38672539591789246 -0.30289894342422485 0.484802543716486 0.5132348908160861 0.501816852289197 -0.49973621763244996 
0.1631331890821457 -0.3886273503303528 -0.3032473623752594 0.4848402272917497 0.51319354588345 0.5018299467769016 -0.49972896952362894 
0.1618865728378296 -0.3907027244567871 -0.3036046028137207 0.4848583899712895 0.5131721864105306 0.5018409234746738 -0.4997222591551944 
0.16074295341968536 -0.3925199508666992 -0.30398860573768616 0.4848911543997448 0.5131357407680501 0.5018674249665667 -0.4997012784541732 
0.15937145054340363 -0.3946670591831207 -0.3043733239173889 0.4848948447126986 0.513122567818689 0.5018588713187623 -0.49971981474108146 
0.15791887044906616 -0.3968793749809265 -0.30476751923561096 0.4849400826649978 0.5130728920377847 0.50189591379494 -0.499689719122568 
0.15648312866687775 -0.3989856243133545 -0.305132657289505 0.48497836126671884 0.5130273400410637 0.5019277924781318 -0.4996673179341115 
0.15480642020702362 -0.4013662040233612 -0.305545449256897 0.4849871715950066 0.5130093446411993 0.5019403819727835 -0.4996645961483554 
0.1532774716615677 -0.4034552574157715 -0.30592262744903564 0.48504344442149633 0.5129431572298896 0.501988587023147 -0.49962949569983167 
0.15152235329151154 -0.40576639771461487 -0.3063258230686188 0.4850423699185267 0.5129327377521902 0.5019914811741713 -0.49963832794775054 
0.14960497617721558 -0.40821537375450134 -0.3067474067211151 0.4850835281176434 0.5128820012199297 0.502028651768559 -0.4996131066905895 
0.14766182005405426 -0.41061270236968994 -0.30715057253837585 0.48514185697206635 0.5128152525901579 0.5020793404490952 -0.49957404978520376 
0.14539103209972382 -0.4133341312408447 -0.3075350821018219 0.485173352585541 0.5127704329050297 0.5021141152708601 -0.49955451787072874 
0.14305055141448975 -0.4160390794277191 -0.3078599274158478 0.4852434462696812 0.5126863920697804 0.5021966891608032 -0.4994896862145627 
0.14058846235275269 -0.41878533363342285 -0.30809515714645386 0.48528734400979584 0.5126290444810526 0.5022657294312786 -0.4994364759779033 
0.13790881633758545 -0.42164596915245056 -0.3082660734653473 0.48531634660072775 0.5125856813774282 0.5023390026638487 -0.49937910385963274 
0.1347719132900238 -0.42485639452934265 -0.30842772126197815 0.4853584675363131 0.5125262352639967 0.5024329707585028 -0.4993046425296902 
0.13124877214431763 -0.4282546043395996 -0.3085668385028839 0.485442195830555 0.5124212789780739 0.5025632388895223 -0.49919985804741274 
0.1273648738861084 -0.43177053332328796 -0.30865827202796936 0.4855444795239889 0.5122936479503666 0.5027127466759356 -0.49908082612240423 
0.12313786149024963 -0.43534108996391296 -0.3086843192577362 0.48564763507041364 0.5121610494066378 0.5028719378962517 -0.49895615849258157 
0.11860198527574539 -0.4388994574546814 -0.3086177706718445 0.4857444573781288 0.5120292426089388 0.5030375431459865 -0.4988302386838568 
0.11374504864215851 -0.44242164492607117 -0.30843794345855713 0.48582801278653204 0.511910786536331 0.5032016150321472 -0.4987049460840378 
0.10861804336309433 -0.44584420323371887 -0.30813413858413696 0.4859006755776116 0.5117967089048523 0.5033742711795142 -0.4985769803569713 
0.10315638035535812 -0.4491821527481079 -0.3076934516429901 0.48595788449517957 0.5116981805391071 0.5035431699344616 -0.49845178557438347 
0.09733251482248306 -0.45242151618003845 -0.30709826946258545 0.48601351394738984 0.5115976095657461 0.5037259500333711 -0.4983160818296985 
0.09124317020177841 -0.4554813802242279 -0.306338369846344 0.48606839761415815 0.511494887998248 0.5039241293100313 -0.49816760662611476 
0.08488716930150986 -0.45834410190582275 -0.3054056465625763 0.4861016422198737 0.51140820718734 0.504117542649085 -0.49802845525734846 
0.0782444030046463 -0.4609993100166321 -0.30428630113601685 0.48612107195191734 0.5113336725100259 0.5043101367662476 -0.49789101690684984 
0.07130837440490723 -0.46343597769737244 -0.30297958850860596 0.4861324334622262 0.5112667042431174 0.5045085041644366 -0.4977477106870885 
0.06413360685110092 -0.465621680021286 -0.30146703124046326 0.48613390302178766 0.5112032364572584 0.504712811250237 -0.4976043182372015 
0.05672657862305641 -0.4675571322441101 -0.29976126551628113 0.48611989111759574 0.5111644936870515 0.5049091905288687 -0.49745856226720997 
0.04897822067141533 -0.4692683219909668 -0.29784274101257324 0.4860878472435483 0.5111419108984142 0.5050999630631104 -0.49731939334686626 
0.04073585197329521 -0.470821350812912 -0.29569047689437866 0.4860560069590297 0.5111331355221276 0.5052996160601226 -0.4971566894650568 
0.029748907312750816 -0.47253119945526123 -0.2931187152862549 0.4860254004723569 0.5111626144757204 0.5055020663686932 -0.49695045281699113 
0.006601085886359215 -0.4724893867969513 -0.29481157660484314 0.48628019791699006 0.5111033433307114 0.5059233134360283 -0.496333096289067 
-0.020796334370970726 -0.47136634588241577 -0.29955992102622986 0.48856606804452846 0.509397999977206 0.5064113018860688 -0.4953427783836046 
-0.04717034846544266 -0.47080197930336 -0.3023085594177246 0.49041988333406505 0.5083337512607791 0.506404551730518 -0.49461051883917667 
-0.07401272654533386 -0.470003217458725 -0.30298325419425964 0.4908530187178139 0.5081825746131013 0.5063816622432565 -0.49435958271178054 
-0.09911581128835678 -0.46716850996017456 -0.30191099643707275 0.49095530687721584 0.5080824678844145 0.5068011535672843 -0.4939308486220026 
-0.12163950502872467 -0.4621053636074066 -0.29928815364837646 0.490648226810647 0.5082472081425644 0.5071502960733908 -0.49370808190217935 
-0.14187826216220856 -0.45557552576065063 -0.295462429523468 0.49001791345771023 0.5086750015091774 0.507333631654079 -0.4937051483657767 
-0.16147302091121674 -0.44968894124031067 -0.29097244143486023 0.48928021222826384 0.5091968227586192 0.5074324334920848 -0.4937973218383162 
-0.17963075637817383 -0.44440385699272156 -0.2863278090953827 0.4887079766104564 0.5095746628216684 0.5075704370108884 -0.4938323886503115 
-0.1962597519159317 -0.4396912157535553 -0.28164952993392944 0.48817555665297563 0.5099153853847047 0.5075649721646687 -0.4940128790487196 
-0.21113261580467224 -0.4357038736343384 -0.2768692374229431 0.48767099086029725 0.5102390030569914 0.5074570653971056 -0.4942878626987531 
-0.22475816309452057 -0.4321766197681427 -0.27220723032951355 0.48714168296907223 0.5105885446953425 0.507295929977279 -0.49461415079680043 
-0.23782257735729218 -0.42878061532974243 -0.26778584718704224 0.48669821446215555 0.5108675961531148 0.5071295401726266 -0.4949331032820376 
-0.24945934116840363 -0.42596447467803955 -0.26329857110977173 0.48640734792432894 0.5110145029479198 0.5070076007511604 -0.495192247963014 
-0.26037347316741943 -0.4233478903770447 -0.25908949971199036 0.4860324514210547 0.5112464279648243 0.5068550129102616 -0.4954770851881915 
-0.2702071964740753 -0.42117175459861755 -0.25486883521080017 0.48576016494371044 0.5113947560170373 0.5067102587474689 -0.4957390234308846 
-0.27904292941093445 -0.4193601906299591 -0.2508198022842407 0.48544387971621167 0.5115879752154331 0.5065648798718956 -0.4959979896546134 
-0.28697672486305237 -0.4178673028945923 -0.2469785511493683 0.48514443159349685 0.5117736211229617 0.5064051864756934 -0.49626245911516664 
-0.2944311499595642 -0.41645553708076477 -0.24347569048404694 0.4848760386188419 0.5119377284391516 0.5062446588042415 -0.49651921896945556 
-0.30145710706710815 -0.415175199508667 -0.24014082551002502 0.4846985376384959 0.5120266074873666 0.5060952048217726 -0.49675318266971363 
-0.30804479122161865 -0.4139953553676605 -0.2370002269744873 0.4845537343711444 0.5120976068527349 0.5059661305185427 -0.49695270834433886 
-0.3137296736240387 -0.41343048214912415 -0.23359833657741547 0.48442442573765804 0.5121516532084166 0.5058606312584807 -0.4971304472745535 
-0.31883952021598816 -0.4131661355495453 -0.23035769164562225 0.4841732063401139 0.5123223494386997 0.5057805591356848 -0.4972807481979757 
-0.3234943449497223 -0.413097083568573 -0.22735285758972168 0.48396287168315644 0.5124574526988377 0.5056915419703268 -0.49743679235183685 
-0.32774659991264343 -0.4131758511066437 -0.22458629310131073 0.48380304992950945 0.5125510322611059 0.5055954954210489 -0.4975934517424073 
-0.33164677023887634 -0.4133619964122772 -0.22205175459384918 0.4836777843999028 0.5126149636382249 0.5054996941517709 -0.4977466817012934 
-0.33526724576950073 -0.4136034846305847 -0.2197464555501938 0.48357760925756244 0.5126580694824633 0.5054058861612618 -0.4978948582309361 
0 0 0 0 0 0 0 
0 0 0 0 0 0 0 
0 0 0 0 0 0 0 
0 0 0 0 0 0 0 
0 0 0 0 0 0 0 
0 0 0 0 0 0 0 
