0.504221405684948 -0.6054839891195297 -0.029226745963096618 0.48844023225486216 0.5176339540889178 0.5104676418915092 -0.5029894691290615 
0.4757173475623131 -0.5749606573581696 -0.05402361515909433 0.2900829875929767 0.2904563539780588 0.8624354530548034 -0.2917897464960154 
0.452173852622509 -0.5522313940525055 -0.08076668292284012 0.4082178199258232 0.40892675161356806 0.7053773494225135 -0.40979744978162913 
0.4300058615207672 -0.5311743804812431 -0.10852452367544174 0.45791657858932355 0.4583771763132484 0.608458023200063 -0.45806090223014023 
0.4065914581716061 -0.5075635972619057 -0.1339988026022911 0.47964605851673037 0.4801416428356367 0.5558290811659782 -0.4800180160681984 
0.3667279264330864 -0.4862258550524712 -0.15352791875600816 0.4895847586448207 0.49079245633182644 0.528141987908971 -0.4903943891642555 
0.34110912173986435 -0.46508245646953583 -0.17741135254502297 0.49419617892461537 0.49504277614057685 0.5160712224851591 -0.4943389295550712 
0.31816420078277585 -0.44443064540624616 -0.20370995312929152 0.4959130694919859 0.4979670627343543 0.5088975334507635 -0.49711319133162674 
0.2947236692905426 -0.42443935841321945 -0.23153474777936936 0.4967606921981094 0.49952949290850873 0.505247395705151 -0.4984205297281853 
0.27062986239790915 -0.4036965605616569 -0.26184751719236377 0.49724561475715473 0.5004191682538903 0.5034067765538031 -0.49890616937382815 
0.24706185400485992 -0.3873388001322746 -0.27974633902311324 0.49796476252089095 0.5006949941528209 0.5022079198914631 -0.49911970612118245 
0.22498495280742645 -0.37431703865528104 -0.28950523138046264 0.49698995195840867 0.501986843600703 0.5028035551018041 -0.49819330414278234 
0.205830078125 -0.36481835812330243 -0.2932850182056427 0.49525409438774803 0.5036753435636808 0.5039573293663691 -0.4970510318897008 
0.1957742042839527 -0.360483677983284 -0.29468173295259475 0.49316385557864173 0.5055692645488439 0.5049700849886122 -0.49617838300982187 
0.18976598873734474 -0.35848574548959733 -0.2952823457121849 0.4904996216962083 0.5080320826132215 0.5045718394381944 -0.4967092450537467 
0.1860398444533348 -0.35722666889429094 -0.29561626762151716 0.48845328866583776 0.5099266431856462 0.503925407038593 -0.49744050834643794 
0.18350382030010223 -0.3568666073679924 -0.29583325773477553 0.4870380278196326 0.5112375543742771 0.5033109336287528 -0.49810449350321967 
0.181781817227602 -0.3568251720070839 -0.295996230840683 0.486136314123163 0.5120731580869377 0.5028543697547413 -0.4985879958099722 
0.18053306981921197 -0.3571278092265129 -0.2961681553721428 0.4855509969523968 0.5126163312249106 0.5025140932062321 -0.4989431730040314 
0.17962870657444 -0.357539085149765 -0.2963427299261093 0.4851901463186816 0.5129515843599185 0.5022741335144881 -0.4991912257807899 
0.17891354620456695 -0.35812944144010544 -0.29654508739709856 0.48495726862977456 0.5131669678658577 0.5021015436570252 -0.49936974992487765 
0.17819429099559783 -0.3590623614192009 -0.2967062708735466 0.48481926167879996 0.5132931575615126 0.501983688191909 -0.4994925358246487 
0.1774364434182644 -0.3603146067261696 -0.2969918128848076 0.4847354431686604 0.5133721308785391 0.5019235941582829 -0.4995531104899606 
0.1766907225549221 -0.36181486696004866 -0.2973099848628044 0.48470967630363293 0.5133911645722147 0.5018778711791662 -0.49960448727771684 
0.1760055483877659 -0.3632355618476868 -0.2976496881246567 0.4847049517006398 0.5133905115270825 0.5018507219212067 -0.49963701326156434 
0.17536074414849281 -0.3646094927191734 -0.29805878549814224 0.48469396137154996 0.5133966310195598 0.5018185326531729 -0.4996737166732583 
0.17471899196505547 -0.3660038205981255 -0.29849328100681305 0.4846964240770003 0.513389027672518 0.5017826927995358 -0.4997151307082134 
0.1740831959247589 -0.3673888909816742 -0.29891461223363874 0.4847076328475614 0.5133736901409268 0.5017576358202372 -0.4997451748455371 
0.17347884967923163 -0.36868166625499726 -0.2992744144797325 0.4847152315052268 0.5133634110641132 0.5017403148921527 -0.49976575402710344 
0.1727985666692257 -0.3701467227935791 -0.29963039368391037 0.48470293077007875 0.5133716458163875 0.5017279113070399 -0.49978167740616475 
0.1721178986132145 -0.3716077718138695 -0.2999800917506218 0.48471157688100996 0.5133594566846539 0.5017333839008209 -0.4997803186127481 
0.17143131881952287 -0.3730290043354034 -0.3003124186396599 0.48471832089330974 0.5133503032967585 0.501734117731999 -0.49978244313535336 
0.1706932793557644 -0.37455036520957946 -0.30065577059984205 0.4847176380164286 0.5133473533496977 0.5017326953840459 -0.499787563195196 
0.1699039939045906 -0.3761294770240784 -0.30100501656532286 0.48473186659064027 0.5133297312089937 0.501738827898419 -0.49978570694107793 
0.1690554654598236 -0.3778199565410614 -0.30135604113340375 0.4847474603161692 0.5133099742487066 0.501745932765184 -0.49978374185882646 
0.1682017356157303 -0.37948973298072813 -0.3016351199150085 0.48476765437790226 0.5132875784341986 0.5017574981289168 -0.4997755454792126 
0.16727175444364548 -0.38126459091901777 -0.3019384479522705 0.4847585827144749 0.5132901521663792 0.5017642578816113 -0.4997749144772828 
0.16625446900725366 -0.3831452277302742 -0.3022568759322166 0.48477901263103557 0.5132685404468129 0.5017854708077327 -0.49975599547863014 
0.16521929651498796 -0.38501241117715834 -0.30255966275930407 0.48480310754798145 0.5132396984675833 0.5018080250533542 -0.4997395963021319 
0.16406297519803048 -0.3870350366830826 -0.30291990071535113 0.4848159100534879 0.5132225758633004 0.5018242606780166 -0.4997284578921135 
0.16298447489738466 -0.3888640707731247 -0.30329029232263566 0.48484660804607854 0.5131849248038635 0.5018414882754328 -0.4997200413026613 
0.16175452440977098 -0.39089870542287825 -0.3036443769931793 0.48485931680416494 0.5131685435709885 0.5018388653256125 -0.49972716647008164 
0.16050703823566437 -0.39287807762622834 -0.30405376821756364 0.4848889594387785 0.5131361789013037 0.5018641239925525 -0.4997062728041534 
0.1591072514653206 -0.39506991654634477 -0.30444525599479677 0.4849160472107312 0.5130983558046655 0.501874362137207 -0.4997085430928641 
0.15771213963627814 -0.3971768471598625 -0.304827421605587 0.48495696536992683 0.5130531964667202 0.501908567433069 -0.49968084617301095 
0.15629140302538871 -0.3992416846752167 -0.3051807990670204 0.4849743408169669 0.5130272908857857 0.5019253873731696 -0.4996736850673795 
0.15460585162043572 -0.40162350833415983 -0.30558952242136 0.48498194243177406 0.5130116926788421 0.5019392165244039 -0.49966842895009883 
0.15304751351475715 -0.4037409460544586 -0.3059689947962761 0.48504242048984536 0.5129440013585392 0.5019892372115943 -0.4996289670682217 
0.15131639629602434 -0.4060086125135422 -0.30636106193065643 0.4850465335806633 0.5129271011833886 0.5019967773436381 -0.49963474758592613 
0.14940542370080948 -0.4084353032708168 -0.30677697658538816 0.4850795703843192 0.5128842913511071 0.5020281761394588 -0.4996150716377683 
0.14744807600975038 -0.41083810180425645 -0.307175253033638 0.4851375841376296 0.5128174839655766 0.502078873638851 -0.4995763714807054 
0.14515983819961548 -0.41357025295495986 -0.30755340605974196 0.48517248767314364 0.5127685792289055 0.5021175976597365 -0.4995537508121086 
0.14278797827661038 -0.41629918724298476 -0.3078749880194664 0.48524548752021507 0.5126837210010279 0.502202213653192 -0.49948487843781214 
0.14032908491790294 -0.4190251043438911 -0.3081038761138916 0.4852925514803185 0.5126213965480255 0.5022757766160747 -0.4994291463742618 
0.1376325935870409 -0.42188468456268313 -0.3082699456810951 0.48531696657290574 0.5125821120076286 0.5023452273464383 -0.49937588428785384 
0.13447236329317092 -0.4250990852713585 -0.30842678278684615 0.4853603768745937 0.5125215028771103 0.5024404548963716 -0.49930009025451466 
0.13092540256679058 -0.4285000675916672 -0.308559405207634 0.4854460009356048 0.5124145391839374 0.5025728488429643 -0.4991933777678414 
0.1270071791112423 -0.43202507704496385 -0.30864361524581907 0.48554907623574317 0.5122860852915376 0.5027238669289187 -0.4990728922017679 
0.12274938948452473 -0.4355980390310287 -0.30866081804037093 0.4856539356169769 0.5121510852493467 0.5028861160895335 -0.49894594085857746 
0.11820458598434926 -0.4391390487551689 -0.3085836604237556 0.4857513032868567 0.512020155773294 0.5030518660971776 -0.49881843250155244 
0.1132874808460474 -0.4426788267493248 -0.3083932688832283 0.48583085178272845 0.5119053016702911 0.5032132627864567 -0.4986960344575323 
0.10811864189803601 -0.446102682352066 -0.3080756187438965 0.4859086953653901 0.5117831480735847 0.5033949022760971 -0.4985622318043342 
0.10263156816363335 -0.4494273191690445 -0.3076194632053375 0.48596483671655705 0.5116837403964772 0.5035658869790898 -0.4984368583906623 
0.09681705545634031 -0.45263169556856153 -0.3070098829269409 0.4860170565214688 0.5115863249727371 0.5037469041780498 -0.49830300671180255 
0.09070456493645906 -0.4556740066409111 -0.3062372371554375 0.4860654693733236 0.5114928338249669 0.5039366018023967 -0.49815993379270096 
0.08432547532022 -0.4585191398859024 -0.30528935641050337 0.48609995118253047 0.5114048933393783 0.5041315928393492 -0.4980192640546848 
0.07763929467648267 -0.46115929454565047 -0.30415362626314163 0.48611861712210563 0.5113302101399688 0.5043257145570564 -0.49788116722657827 
0.0705380586721003 -0.46356508165597915 -0.3028748854994774 0.486131608910993 0.5112634673766051 0.5045259018100975 -0.4977341658570276 
0.06314975945279003 -0.46571579813957215 -0.30142159581184386 0.48615788510286057 0.5111860274342332 0.5047312415814548 -0.49757969769436644 
0.05555284641683102 -0.46762088656425477 -0.2997551625967026 0.4861627447373661 0.5111344135801067 0.5049283751210869 -0.4974277496149328 
0.04759699236601591 -0.4693043366074562 -0.2978583711385727 0.4861350411672658 0.5111133673970882 0.5051151758006388 -0.4972867308058331 
0.03917984277009964 -0.4708123928308487 -0.295712505877018 0.486105825856561 0.5111013973164845 0.5053195099785583 -0.49711993154226647 
0.028018572963774205 -0.47246349930763243 -0.29313687086105344 0.4860700519894843 0.5111344872144755 0.5055221594893524 -0.49691484267056696 
0.004665084835141897 -0.47229675501585006 -0.29496255129575727 0.48632243131453784 0.5110846743642977 0.5059365822440036 -0.49629712888434296 
-0.022652514707297088 -0.4711338996887207 -0.29957388997077944 0.4886134317160421 0.5093647693974312 0.506432555134198 -0.49530846486865276 
-0.048917861320078374 -0.4705374518036842 -0.302191216647625 0.49041489400647575 0.5083377780142037 0.5064227053597008 -0.49459267501878906 
-0.0756494514644146 -0.4696748694777489 -0.3027763700485229 0.4908202656928852 0.5082054932501459 0.5063993367103552 -0.4943503206046295 
-0.10062477268278598 -0.46678748100996015 -0.3016344067454338 0.49091534513320456 0.5081085353918252 0.5068163326901414 -0.49392801764686084 
-0.12302011922001839 -0.4617036086320877 -0.2989649969339371 0.49060349034496215 0.5082760853576636 0.5071601001282624 -0.4937125527628066 
-0.14316036567091942 -0.4552187705039978 -0.2951220005750656 0.48997193619457313 0.5087049327694023 0.5073369427676958 -0.49371636388661666 
-0.16266568019986152 -0.4493690288066864 -0.2906250509619713 0.489239594966484 0.5092224874769934 0.5074308703653012 -0.49381256930225376 
-0.18071939915418625 -0.4441212397813797 -0.2859826263785362 0.4886724311689137 0.509596389079057 0.5075655322481444 -0.49385005349988065 
-0.19725188612937927 -0.4394442921876907 -0.28130703419446945 0.48814207810216914 0.5099357538745473 0.5075557352102529 -0.4940343092122571 
-0.21203812345862388 -0.43548802942037584 -0.2765345674753189 0.4876395411904526 0.5102579260418508 0.5074465316924026 -0.4943100650855514 
-0.22558858796954154 -0.43198682814836503 -0.27188331380486486 0.4871132688401197 0.5106056239559332 0.5072843322561199 -0.49463630918068646 
-0.2385772004723549 -0.4286165365576744 -0.2674726432561874 0.4866733214228279 0.5108823284666935 0.5071179138843371 -0.4949542094529532 
-0.2501478691399097 -0.4258217576146126 -0.26300021648406985 0.4863840249414565 0.5110283279674305 0.5069957292810764 -0.4952129719783153 
-0.2610247948765755 -0.42320975244045256 -0.2588111436367035 0.4860118417993035 0.511258308010733 0.5068431238149396 -0.4954971462754078 
-0.27079250037670133 -0.4210733523964882 -0.25457232967019083 0.485746035013025 0.5114008602996468 0.5067012069903689 -0.49575577307741603 
-0.27958539307117464 -0.41929463475942613 -0.2505179804563522 0.4854235106477179 0.5116042399889839 0.5065553890468517 -0.4960107974118981 
-0.2874916252493858 -0.4178145295381546 -0.24669766798615456 0.48512731617517135 0.5117891779943288 0.5063932811246565 -0.49627525850506443 
-0.29491026282310484 -0.4164117532968521 -0.2432161432504654 0.4848658478632331 0.5119464972293232 0.5062305458758578 -0.4965344875284407 
-0.3019021874666214 -0.415147500038147 -0.23989137932658194 0.4846899070082643 0.5120327391126485 0.5060820409813805 -0.4967686674088684 
-0.30844359010457995 -0.41399134397506715 -0.23675530657172203 0.48454567042812896 0.5121038157604663 0.505953385481838 -0.4969671241237472 
-0.31070537835359574 -0.4093008390069008 -0.2311943458020687 0.47957787312841427 0.5070328978023972 0.5007976813881083 -0.49216296738786164 
-0.3157548621296883 -0.4090416732430458 -0.2279914328455925 0.479328433207045 0.507201241792609 0.5007196568749024 -0.4923118713401052 
-0.3203547888994217 -0.40897522956132887 -0.22502158910036088 0.4791207663279552 0.5073343702017115 0.5006318510879652 -0.4924661183894624 
-0.32455682069063185 -0.40905465513467787 -0.22228733718395233 0.4789629842712204 0.5074266531410262 0.5005369715017247 -0.49262094102868376 
-0.32841202944517134 -0.40923926353454587 -0.21978282049298287 0.4788392058938607 0.5074896547974017 0.5004423870858321 -0.4927724448265998 
-0.3319906058907509 -0.4094787204265595 -0.21750432148575782 0.47874036723057173 0.5075320130330845 0.5003495241972439 -0.49291913146693317 
