0.005278736352920532 -0.005814741253852844 -0.00046912267804145814 0.004985491478142206 -0.005002346843044211 0.004996988333381541 -0.005015127952436093 
0.5148460474610329 -0.5590867192298173 -0.039587039577309045 0.49939078081045196 -0.5009700509496455 0.4447146836877971 -0.5022490822214634 
0.5178224316239357 -0.5269520805031062 -0.04918353903107345 0.5552793132828029 -0.556550529633299 -0.013767414651409227 -0.5630118129457555 
0.5239298199117184 -0.4803792724013329 -0.04055615698336624 0.5357683859087501 -0.541196470751209 -0.25542111432127496 -0.5424605665439167 
0.5353048872947693 -0.4418357081711292 -0.03424878968624398 0.5080483307122797 -0.5263444804535803 -0.36931330705631493 -0.5186129674125928 
0.5485495486855507 -0.4102653913199902 -0.027851029276789632 0.4933546168742024 -0.5120748036433365 -0.42588322648734844 -0.5037801539701362 
-------------------------------------------------
0.562077130228281 -0.3817064635455608 -0.025242208250565456 0.48707228464404595 -0.5013552831410922 -0.4544383277177243 -0.495683379567199 
0.5755462449789047 -0.35419170558452606 -0.023231604772154243 0.48511998089688496 -0.4905107175728083 -0.4694447357276897 -0.49194768639645725 
0.5844157420098781 -0.3297616520524025 -0.023222276802989654 0.4845962570501829 -0.48656177946747986 -0.4771809558897477 -0.4899841897740995 
0.5938439618051052 -0.30759176149964335 -0.021493038921616973 0.48419699232482893 -0.48676027538422184 -0.48031276704272885 -0.4883021117307091 
0.6003700909018517 -0.286969093978405 -0.021990902165416628 0.484363174043517 -0.4863202359989112 -0.48184509567240236 -0.48735339990992554 
0.6014145389199257 -0.2677729927003384 -0.022801027215318754 0.48465143422201684 -0.4858612291434852 -0.48259825798253353 -0.4868499217159502 
0.5990040495991706 -0.25094420969486236 -0.02207086087204516 0.485175961399163 -0.48485046298864043 -0.4831097598754358 -0.48682665328895125 
0.5938384920358658 -0.2365204781293869 -0.021991013654042036 0.4853141419237859 -0.4847294083756914 -0.48328362197603025 -0.4866562675257796 
0.5888635926693678 -0.22730766341090203 -0.019997921261665396 0.48558729786608185 -0.48441877368310976 -0.48335974280603944 -0.4866216970570483 
0.5806478815153241 -0.21707128673791887 -0.018169828278478236 0.4860723731266473 -0.4834088505706183 -0.4836441826628082 -0.4867901770887789 
0.5697708733193576 -0.20917488247156144 -0.01787639149231836 0.4859346213220841 -0.4838013237157757 -0.4837032922584445 -0.48653319333800765 
0.5577093276381493 -0.20118020057678224 -0.015955791450978724 0.4865858794942649 -0.4814647796982385 -0.4844348015522643 -0.4870942064581109 
0.5448899365961551 -0.19676794320344926 -0.012272168003255502 0.48658925159771294 -0.4814060048054695 -0.4845294988737328 -0.487107693398214 
