0.0057846540212631225 -0.0041630443930625914 -0.0004647414013743401 0.005179706274071998 -0.005375009369432783 -0.004059509421194346 -0.005272599022501461 
0.528599197268486 -0.5793925350904465 -0.04489758817711845 0.4940142714715175 -0.4958199644727752 0.49899748179816883 -0.4970024368736009 
0.5430271744728088 -0.5493626508116722 -0.05690186141058803 0.5729376537006781 -0.5742546184823685 0.014956079630983408 -0.5711853939243194 
0.5485313439369202 -0.5008195546269417 -0.05066986992955208 0.558890973627691 -0.5654305562493968 -0.2340915514149647 -0.5482990520850273 
0.5601986646652222 -0.4609131151437759 -0.043881919854320585 0.526525952214856 -0.5529613818794811 -0.33872760208287966 -0.5335552955097397 
0.5747083139419555 -0.42769415527582166 -0.04029198359698057 0.5126069114327466 -0.5419943281483182 -0.38523929517139804 -0.5223735086988868 
0.5913351613283158 -0.3972921618819237 -0.037501769906375555 0.5097496295427931 -0.5311407460605592 -0.4207645358686478 -0.5168063615294668 
0.6088032758235932 -0.36939495980739595 -0.035230595339089635 0.5085093089026073 -0.5237180657123642 -0.4415068123401008 -0.5085741500685581 
0.6271410912275315 -0.3415406200289726 -0.03337760463822633 0.5098263981893065 -0.5209449722630024 -0.44697899096402055 -0.5056577768881155 
0.6452464926242828 -0.3156440794467926 -0.03133230574429035 0.5087405326001622 -0.5170834268284585 -0.46212106528401586 -0.5013555493176576 
0.6634704864025116 -0.2891833785176277 -0.03106178228277713 0.5059765449278725 -0.5198566995650384 -0.4467452508904286 -0.4995644960515112 
0.6812843137979507 -0.2633872729539871 -0.03139434285461903 0.511100589148588 -0.5208227327134969 -0.4472912193082839 -0.4975472168409844 
0.6973523026704789 -0.23787911608815193 -0.030482708698837086 0.511436914503136 -0.522516541782522 -0.4344671462072301 -0.49677388714167536 
0.7123471486568451 -0.21276836171746255 -0.030485398774035274 0.50963558587872 -0.5198956702128481 -0.43891009971830575 -0.502728699223211 
0.7261097675561905 -0.1876537451893091 -0.029721278669021557 0.5182851579097819 -0.5278208109855705 -0.39829396870036027 -0.502830479395656 
0.7387132781744004 -0.16351432763040066 -0.029304588417871855 0.5166084088258183 -0.5289045792083024 -0.39449543435917644 -0.5123551730264913 
0.7484397274255753 -0.14046952456235887 -0.02633306798292324 0.5203641665504436 -0.5321171699845845 -0.37528435414493366 -0.5053101401162686 
0.7540540194511414 -0.1187282232940197 -0.02193813628371572 0.5209604560215476 -0.5350077558194504 -0.3913072972704688 -0.48785727212872154 
0.759974102973938 -0.09810054801404476 -0.020136662528384478 0.5228992369235153 -0.5393717024154148 -0.37126649177286575 -0.4906690909624399 
0.7670730972290039 -0.08016090534627437 -0.015310377721616532 0.5171168539275179 -0.5438231212349667 -0.37890738628786247 -0.49614711309127946 
0.7713513255119324 -0.06169834356755018 -0.00806050921266433 0.5189933483813672 -0.5468682021993935 -0.3829503669511687 -0.4865336002758698 
0.7747748428583145 -0.046881191981956366 -0.0007938321164692752 0.5136582634523665 -0.5445140420717807 -0.40574222173157554 -0.47819455116456433 
0.7797629982233047 -0.03252760091127129 0.0031265199891640804 0.5185892677700222 -0.5435122288845571 -0.39804913470822517 -0.4864337676863197 
0.7844401293992996 -0.022068578863545553 0.015550548661849461 0.5229160359189888 -0.5439825163065111 -0.3910829389036522 -0.48584545080089514 
0.7882012337446213 -0.014282422079704702 0.021232968675030862 0.5234581175539621 -0.5450449728114541 -0.3626014534851846 -0.48721992716275564 
0.7939797395467758 -0.008783964324975387 0.03007182915825979 0.525619859071921 -0.5467436112212043 -0.3649772074294236 -0.49307048639740453 
0.7961932218074799 -0.004975212894642027 0.03861270157096442 0.5273832179287065 -0.5455735843663079 -0.36967185421239585 -0.48298567688579913 
0.800341511964798 0.0010010771806992125 0.05041468658426311 0.5285985786753598 -0.5518218506628494 -0.36130533115851166 -0.4660397067123207 
0.8009831112623215 0.002305124032573076 0.06289568841053551 0.5296045170193364 -0.5510399781278261 -0.37153685518692087 -0.46329291717778226 
0.8053881394863128 0.008867548383568647 0.07502117552216077 0.5185063794649806 -0.5443758206760058 -0.40809512062179043 -0.4732668603505546 
0.8122689694166183 0.014040685536456295 0.08812540251296014 0.5244278010203884 -0.5460502219299816 -0.3709908854415555 -0.4802005342691212 
0.8172592216730118 0.017062603827216662 0.09812868855893613 0.5263858038263121 -0.5444201873465788 -0.39825595190855173 -0.4747936457995808 
0.8245580232143402 0.01844343724194914 0.10836302692536265 0.5171202036776706 -0.538513986561243 -0.3824549704998778 -0.49832015914536654 
0.8275458228588104 0.019043151104124263 0.1232789706834592 0.5191247213863932 -0.5380317974760596 -0.39287550727396875 -0.49162492802660956 
0.8303489160537719 0.023209477283235174 0.13523627520247827 0.5208943922540694 -0.5370993524377073 -0.3849225106200012 -0.4911036041268018 
0.8341001236438751 0.02139516139170155 0.14633294443250633 0.5178440960767654 -0.5344300493740358 -0.3882558822023435 -0.49579941176705283 
0.8358170861005783 0.02216423270834639 0.15810754290796467 0.523902631997285 -0.5380040991284204 -0.3641937266122758 -0.4970069798616519 
0.8369208306074143 0.019537880419520662 0.17456991240382194 0.5210991226387588 -0.5354330673970182 -0.3953427353930023 -0.4895600417305252 
0.8407424175739289 0.019786191059974954 0.18996055251453073 0.5231018750009913 -0.5359958503932787 -0.3750552766528124 -0.5043689209337926 
0.8417764770984649 0.019538733568333556 0.20367953571490943 0.5220488615800722 -0.5334288658523003 -0.39812425626363923 -0.5012477915628635 
0.8408246713876725 0.02086782768194098 0.221084147519432 0.514353749939055 -0.5261987873898616 -0.4122967142426956 -0.504680389913736 
0.8361175173521042 0.015349996609584195 0.2379328384809196 0.5138835304509889 -0.5282721914483754 -0.4277081956204903 -0.49017575348558673 
0.8387262350320817 0.012742060590535403 0.25361251645255833 0.5070213084268679 -0.5259661150639983 -0.42729538162286224 -0.5040413236565598 
0.8355100989341736 0.009496583079526317 0.26867838198202665 0.5032725664696894 -0.5257163690022919 -0.4246757068878874 -0.49896642139787417 
0.8361077588796616 0.005545610095141456 0.2843399350810796 0.49830841725564406 -0.5266892353173954 -0.4269856891677632 -0.5089181050924705 
0.8356386414170265 0.003231470343307592 0.30100477624684574 0.5031716016014075 -0.5256978986561525 -0.42360063517311386 -0.5086057281658538 
0.8301946446299553 -0.002449907291738782 0.3169187832530588 0.509530396571883 -0.5253437095586059 -0.41630392922084136 -0.5031819808116575 
0.8280375188589096 -0.0056400666231638755 0.3347604927606881 0.5038365944669829 -0.5230552313644516 -0.4242994844023497 -0.5101398321768476 
0.8208678939938545 -0.01015652893052902 0.3473995476029813 0.5045451021675125 -0.5239853959702387 -0.4221941513497153 -0.5046637098899885 
0.8110604164004326 -0.01244808505725814 0.36238510958850384 0.5121361055294671 -0.5273353299634619 -0.4312344342287498 -0.4884549591079274 
0.8013673251867295 -0.015142064608226065 0.3784991772659123 0.5124903564171025 -0.523903983743082 -0.4330475843139835 -0.4929920170108684 
0.7928706830739976 -0.019612958575598895 0.39608333816686353 0.5156560184475361 -0.5250492182346721 -0.4274119789747482 -0.4972225327661697 
0.7822411063313485 -0.02385039446009614 0.41349169086664916 0.511244083346825 -0.5192803113649254 -0.4527800252624381 -0.4973499084096639 
0.7709603202342987 -0.03001963997492567 0.4327011938393116 0.5105082577464899 -0.5176095590498396 -0.45218773515801614 -0.49439958614936835 
0.7569560363888741 -0.04158337532047881 0.45142420038580894 0.5128520326134498 -0.5197715637756753 -0.45299105153567965 -0.4868399287485544 
0.7479346020519734 -0.04810114051884739 0.471477110683918 0.5105943553670226 -0.5181083616529935 -0.4490039715223566 -0.49536492680845434 
0.7349078775942326 -0.05797647383704316 0.4901558132469654 0.511863251492064 -0.5174432845319125 -0.4461280017582454 -0.49909540871808544 
0.723476123213768 -0.0653870584483957 0.5070896400511264 0.5133856735026273 -0.5184484499600558 -0.43484823481669166 -0.5048420360327469 
0.7107626962661743 -0.07611521963277483 0.5255061030387879 0.5130990295949751 -0.5173882125816611 -0.4473218390594432 -0.4953520410271339 
0.6989915038645268 -0.08682486547011649 0.545918067805469 0.5124819932346724 -0.5164713430759365 -0.4481948898798855 -0.4991487168040084 
0.6848373088985682 -0.09610418005846441 0.5664312083646655 0.5105803912859153 -0.5140239893179824 -0.4452504098472969 -0.5028133720198656 
0.6709441298991442 -0.10795349128824455 0.58635098349303 0.5084139748367477 -0.5115775018374261 -0.45322690905241564 -0.5050929631904607 
0.6546962147206068 -0.11603914960753173 0.6061575055681169 0.5025704451228645 -0.5123976375734997 -0.4670665607366595 -0.498200487107251 
0.6369622408226132 -0.12630409917706856 0.6253285171557218 0.5046413549496979 -0.513980015020644 -0.47068074866008236 -0.49243311426164627 
0.6199756297282875 -0.13752898204606026 0.645367918945849 0.498855926796866 -0.511802060265428 -0.47563095058826405 -0.4997069625770192 
0.6020504062669352 -0.14836983296088874 0.6644180553965271 0.5008851350547764 -0.5088523498520917 -0.4817091915850984 -0.496844906509066 
0.5837007619626821 -0.15719175087753684 0.6857025337964296 0.4968005642414082 -0.5126655283348824 -0.48769209190801205 -0.48789360813696037 
0.5642625833675265 -0.16609825117746368 0.7075157433375716 0.5023515070397218 -0.5128760433316635 -0.4785906372453146 -0.4905755754780629 
0.5469628185313195 -0.17498940615449102 0.7299927301332354 0.5047608001039939 -0.5113882077171797 -0.46991674814462014 -0.5001031789169141 
0.5297933182911947 -0.18405544159468262 0.7484201796725393 0.5006697911122189 -0.5112908706719037 -0.46783717229572247 -0.5061202020705174 
0.5113537406688556 -0.1921611757122446 0.7683282228559256 0.49934749629769476 -0.5090838041106983 -0.4780023442743092 -0.5054360408562529 
0.49310808643698695 -0.19533336997264997 0.7876110069453717 0.501171707390951 -0.5004136597099977 -0.48808891825842915 -0.5053078291047026 
0.472608391623944 -0.20029460304853275 0.8046536026149989 0.5030032959441924 -0.5026711383647182 -0.487193737074648 -0.5017680446846675 
0.4514543324802071 -0.2072817284660414 0.8219223619997501 0.5021632446646268 -0.5017927195164734 -0.4926053460223091 -0.5019233612467782 
0.4316054611955769 -0.21342204822867644 0.8384763178229332 0.5050559272831534 -0.5045635536864193 -0.4750779989363226 -0.4993634263473132 
0.4108019278384745 -0.21501488234702265 0.854557950347662 0.5050698570103476 -0.5038094854368022 -0.48158802678179446 -0.5026023377843579 
0.38862047233153135 -0.21901903982507065 0.8722097890079021 0.5055613616730921 -0.5034304001337289 -0.48586357479882514 -0.4985159065253527 
0.3682799054402858 -0.22191922921920196 0.8871208835393191 0.5045024626275023 -0.502141476272498 -0.48653874715966566 -0.5018597635815882 
0.3459865795075893 -0.22585503635986243 0.9030257528275252 0.5093299315154843 -0.49174618095038947 -0.4812641877730775 -0.49633073334284833 
0.3242514595994726 -0.2265765807055868 0.9184205402433873 0.5107825489922153 -0.48740240118528383 -0.4821155513599292 -0.5014869642803688 
0.30371839642059056 -0.22844746676739305 0.931878404840827 0.5114189539084293 -0.4774906839784157 -0.48893379683661764 -0.5071947941462814 
0.2818831882206723 -0.22427539636963048 0.9446486818045378 0.5120544526023582 -0.47657335540135065 -0.48412253118625315 -0.5046036341933704 
0.2602397239115089 -0.22429711298842447 0.9569806684553623 0.5126323913673734 -0.4803401129170075 -0.49112403682738764 -0.501029274205052 
0.23891830834094435 -0.22082715893979185 0.9691313465684652 0.512952360664169 -0.46458645769570983 -0.4978855597447948 -0.5075155139166785 
0.21856483801268042 -0.21743535174056888 0.9799386446177959 0.5110030308639062 -0.4743283671563152 -0.4921214198252599 -0.510329037005793 
0.19845184591598808 -0.21316977908718399 0.9895663185417652 0.5110466502426426 -0.4705372901016438 -0.49726179812010357 -0.5106077143979139 
0.1786833567218855 -0.21045589223038405 0.9985745695233345 0.5119155110666409 -0.4687128711916333 -0.4953811265097312 -0.5113733068928912 
0.16012139580212534 -0.20670770088909193 1.0067263376712798 0.5100893478979012 -0.4712013599915795 -0.49515873804773625 -0.5120924806018885 
0.1409033887833357 -0.20197498148307205 1.0136742267012595 0.5096620473744966 -0.47667120647848554 -0.4921056214349763 -0.5103415860970515 
0.1228590912744403 -0.1986083722137846 1.0199738456308842 0.5126768841440732 -0.47159426091376916 -0.48247986399415205 -0.511368747524202 
0.10402823179028928 -0.19160537645220757 1.0261626511067152 0.5135791909091505 -0.4691547639995981 -0.4865734206364197 -0.5121084439932271 
0.08598085821955465 -0.18783551218919456 1.032899805828929 0.5152385275061518 -0.45561974706251673 -0.49648769964837003 -0.5134090529105186 
0.06774641097174026 -0.18093183605698868 1.0404299011081457 0.5187609536543943 -0.45013141778920907 -0.49548907546493126 -0.5169116532702667 
0.0498923308661324 -0.17256906158290802 1.046789098829031 0.5191604412384393 -0.4344937872491148 -0.502662306363626 -0.5172963414702456 
0.03039214509422891 -0.16872576508903875 1.044399975501001 0.5186834100586409 -0.43660441443203657 -0.5057164143437095 -0.5167524049079152 
0.008183376730885357 -0.15579318448668344 1.0502238297462463 0.519115844610662 -0.397792916209927 -0.5017138176733245 -0.5167976465790608 
-0.008056370292324573 -0.14986921708958106 1.0531580936908722 0.5151532676186668 -0.4225519691930873 -0.5011186523570476 -0.5129120752209703 
-0.022342890781583264 -0.1438996237908941 1.0542506815493107 0.5122656302906975 -0.44216706615415996 -0.4944820811150907 -0.509750294323011 
-0.035548251002328474 -0.1384243752248585 1.055176667496562 0.5134265969608119 -0.4432472516812135 -0.49176697528153257 -0.5059696629127708 
-0.04979206963107572 -0.13089294137913385 1.0581494829803706 0.5173509738249817 -0.42499344381145726 -0.4982647177458704 -0.5099945938875922 
0.4957887089252472 -0.5948148143291473 -0.027189690582454205 0.5165894378782029 -0.4258427318110228 -0.5012256536256434 -0.5108914501752022 
