0.5260486006736755 -0.5765811204910278 -0.05292271822690964 0.4468012849589498 -0.0002387427288512675 0.8946328282350613 -0.0008108052025006078 
0.5511764287948608 -0.5517009496688843 -0.0784146785736084 0.6068638950224641 -0.0002724964018217979 0.7948054636678002 -0.0006431078351744465 
0.5763389468193054 -0.5267967581748962 -0.10400338470935822 0.6670017706628273 -0.00012670963262658856 0.7450560589291331 -0.00030154653131691237 
0.6014974117279053 -0.5018848180770874 -0.07958078384399414 0.6907681849425467 -4.0588324868801746e-05 0.7230762743955808 -0.00012012482858802654 
0.6168212294578552 -0.4769599735736847 -0.10516691207885742 0.7004074896683905 -2.9707195213759164e-06 0.7137431918161831 -6.740657100653609e-05 
0.6208974123001099 -0.4520280659198761 -0.08072315901517868 0.7043776790158865 1.860140496305158e-05 0.7098253900520605 -2.440534475477674e-05 
0.6194339394569397 -0.42707914113998413 -0.10628955066204071 0.7060069367691054 1.6944880161453597e-05 0.7082049161414474 -4.12293695956842e-05 
0.6195254325866699 -0.40212833881378174 -0.08182908594608307 0.7066910154914959 2.4940905659380794e-05 0.7075223018604698 -1.9277233868947684e-05 
0.6164965033531189 -0.37716585397720337 -0.10737982392311096 0.7069620828403735 1.9189513273707464e-05 0.7072514483313723 -4.3484935044376026e-05 
0.6177567839622498 -0.35219770669937134 -0.0829039067029953 0.7070845434292101 2.9726628860958725e-05 0.7071290174332081 -1.624126937923813e-05 
0.6136613488197327 -0.3272169232368469 -0.10843867063522339 0.7071210319718306 2.1719843445192334e-05 0.7070925284955493 -4.2627601977201096e-05 
0.614056408405304 -0.3022335469722748 -0.08394668251276016 0.7071473388692486 3.4456716054380297e-05 0.7070662202868842 -8.490842159387951e-06 
0.611222505569458 -0.27723705768585205 -0.10946501791477203 0.7071422307100492 2.2343608827315073e-05 0.7070713285452029 -3.7369780349773834e-05 
0.6146407127380371 -0.25224366784095764 -0.08496050536632538 0.7071526299587557 3.853104201620178e-05 0.7070609283783539 4.30284188503434e-06 
0.6104567646980286 -0.22724252939224243 -0.11045818030834198 0.7071392911138216 2.2918111489284194e-05 0.7070742689411429 -2.5281428824754224e-05 
0.6105026602745056 -0.20224444568157196 -0.08594126254320145 0.707148239327091 4.031866341476893e-05 0.7070653191681961 2.0507981515514608e-05 
0.6055145859718323 -0.17724841833114624 -0.11141729354858398 0.7071341960014688 2.07838808731817e-05 0.7070793649248428 -1.0529372693137247e-05 
