0.5278518795967102 -0.5814843773841858 -0.04776229336857796 0.49854914781422066 -0.5002346843044211 0.49969883333815407 -0.5015127952436093 
0.5524848699569702 -0.5555685758590698 -0.025347411632537842 0.5740733661501394 -0.5754158956103474 -0.0013209448456961157 -0.5825243106177668 
0.5693583488464355 -0.5144631266593933 0.007369170431047678 0.5554676973059806 -0.5567878081010437 -0.25902869343725293 -0.5606666656542162 
0.5825003981590271 -0.4714517891407013 -0.003948634956032038 0.5276955652891743 -0.5385499594724866 -0.3798039817643514 -0.5359573368863105 
0.5909486413002014 -0.43317314982414246 -0.01879713125526905 0.5093284322183464 -0.5268245995489763 -0.4389397345372782 -0.519973363633567 
0.6115391850471497 -0.40222838521003723 0.009748436510562897 0.5003034849221848 -0.518703146468204 -0.4687951338556652 -0.5107588386821625 
0.6300188899040222 -0.37448516488075256 0.03386744111776352 0.49799938376807923 -0.511808808953114 -0.4839908226251424 -0.505767970970134 
0.6303450465202332 -0.3476167619228363 0.014773109927773476 0.49795517439729564 -0.507077476380329 -0.4917177799146754 -0.5031169865493499 
0.6548178195953369 -0.32188352942466736 0.03956225514411926 0.49820609934247123 -0.5043715145128189 -0.4956730402884729 -0.501705386713345 
0.6301858425140381 -0.2969524562358856 0.01417395006865263 0.4988077761280708 -0.5025507272553702 -0.49768327230496345 -0.5009440382688376 
0.646240770816803 -0.2717236876487732 -0.011088158935308456 0.4994508075689854 -0.5012929342647482 -0.4987561410714803 -0.5004963502548376 
0.6589349508285522 -0.24816849827766418 -0.02345358580350876 0.49965783922819884 -0.5007995543442592 -0.499244995397256 -0.5002961969045867 
0.6702989339828491 -0.22500939667224884 -0.029308553785085678 0.5003226776905197 -0.5001661419414987 -0.49895209567939164 -0.5005575440057698 
0.6638972163200378 -0.20254811644554138 -0.03268308565020561 0.5009583503804409 -0.49956360942242994 -0.4984634605164951 -0.5010100895739146 
0.6414856314659119 -0.22515901923179626 -0.034487269818782806 0.501494321841067 -0.49868562665165916 -0.49812966480287746 -0.5016801052220264 
0.6191871166229248 -0.20262815058231354 -0.03551101312041283 0.5019205003845472 -0.49779245375790115 -0.4975263911079744 -0.502738475180176 
0.5958954691886902 -0.1789592206478119 -0.01958455704152584 0.5018867179399561 -0.497593620790967 -0.497560608828972 -0.5029351364195357 
0.5734978318214417 -0.15618813037872314 -0.028035011142492294 0.5010453593863954 -0.4984975028948716 -0.49852590577125966 -0.5019220145798355 
0.5857742428779602 -0.16810829937458038 -0.0035259618889540434 0.5010260592823399 -0.4983795586198265 -0.4985035094564794 -0.5020806255269067 
0.5750536918640137 -0.14308671653270721 0.020995959639549255 0.5006071318538916 -0.49919529175881155 -0.49917324074017694 -0.5010215923009752 
0.5504232048988342 -0.15758050978183746 0.008786419406533241 0.5003727374750583 -0.4996009717785709 -0.49951990212087577 -0.500505604339027 
0.5257776379585266 -0.1799527406692505 0.0032641077414155006 0.5002695144372141 -0.4997964355741326 -0.4997002112723878 -0.5002335802067641 
0.5018421411514282 -0.2041337639093399 -0.017314013093709946 0.5002163123121036 -0.4998995514967935 -0.4997874414020967 -0.5000965833985775 
0.47716572880744934 -0.17909622192382812 0.007209496572613716 0.5003945931785236 -0.49959006434709946 -0.4995327888157073 -0.5004817795098669 
0.4528878629207611 -0.20356972515583038 -0.015519862994551659 0.500249783839779 -0.49980824704302124 -0.4997030677307518 -0.5002386570993012 
0.4293751120567322 -0.2272624969482422 -0.017458759248256683 0.5003073128365979 -0.49970939461178393 -0.49962865719743677 -0.5003541931132716 
0.40467870235443115 -0.25218138098716736 0.007073087152093649 0.5004397033441056 -0.49941597065840193 -0.49939357859129685 -0.5007492838037495 
0.3799918591976166 -0.27710551023483276 -0.013763205148279667 0.5002882503481947 -0.4997300621367985 -0.49962203656748655 -0.5003592230952187 
0.3552952706813812 -0.28910189867019653 0.010767823085188866 0.5002292975611837 -0.49988068996894364 -0.49972731208245247 -0.5001625327995538 
0.33061107993125916 -0.2640550136566162 0.015259409323334694 0.5001797234665407 -0.49996552721239534 -0.4997841388826171 -0.5000705253796984 
0.30592095851898193 -0.2740055024623871 -0.010195372626185417 0.5001526415442742 -0.5000059235900047 -0.49981433680422693 -0.500027039525006 
0.28122028708457947 -0.2989196181297302 -0.010895960032939911 0.5001630620797302 -0.5000169388484274 -0.4998200070430907 -0.49999993275511645 
0.25652921199798584 -0.3187218904495239 0.01364914234727621 0.5001635775787946 -0.5000263405298906 -0.4998212535925596 -0.49998876877088866 
0.26534780859947205 -0.29368963837623596 0.021584978327155113 0.5001807091343511 -0.5000548793286651 -0.4998135525025583 -0.4999507861822243 
0.2406841367483139 -0.3186125159263611 -0.0038625316228717566 0.5001698197061973 -0.5000551102815851 -0.4998053450868571 -0.49996965423808415 
0.21600575745105743 -0.3237352669239044 -0.029341600835323334 0.5001452832833633 -0.5000264185333887 -0.49980704881394666 -0.5000211898849588 
0.19131694734096527 -0.3111514747142792 -0.0048467558808624744 0.5001312265556103 -0.50001998325475 -0.49980908591345324 -0.5000396486362445 
0.16669973731040955 -0.33628588914871216 0.019443508237600327 0.5001207426826332 -0.5000304805975523 -0.49981955821139074 -0.5000291695904575 
0.1493419110774994 -0.3198837339878082 0.02786705456674099 0.5001494363153249 -0.49998594129048063 -0.49980385452038706 -0.500060703187022 
0.13385069370269775 -0.35306042432785034 0.04007282108068466 0.4997008707481054 -0.5000326663998482 -0.5000059900433235 -0.5002603144638192 
0.11916613578796387 -0.3480156660079956 0.04320346191525459 0.4990864418088525 -0.5006499118682527 -0.5001467259379307 -0.5001156285125051 
0.10360933095216751 -0.37173956632614136 0.050781771540641785 0.4984081291478177 -0.5011029333152955 -0.5007437541415162 -0.4997408125322964 
0.08454189449548721 -0.4060586094856262 0.05930325388908386 0.4977597021124158 -0.5019893073230315 -0.5007233718252085 -0.49951788676112097 
0.06416329741477966 -0.3883519470691681 0.03161240741610527 0.4976313293742998 -0.502330434578857 -0.5009028845915995 -0.49912272511757955 
0.04065210372209549 -0.4199455976486206 0.046426206827163696 0.49793962202590797 -0.502250318330369 -0.5007702125809795 -0.499029001908045 
