0.006278543472290039 -0.004555694460868835 -0.0014549055695533752 0.007034984301004592 8.889147705498673e-08 0.007106968057073721 -9.552230280251504e-07 
0.5271241396665574 -0.5751472970843315 -0.053867878839373586 0.4493749414892384 -0.00023465063912897992 0.8927868432960284 -0.0008064181210265159 
0.552030794620514 -0.5502946159243584 -0.07911228120326996 0.6078345415807004 -0.0002663718437974243 0.7939601147315003 -0.0006411160065235112 
0.5769540017843247 -0.5254190877079964 -0.1044472673535347 0.6673675319962069 -0.00012103039528914301 0.7447116764428866 -0.00030368868192644753 
0.6018703126907349 -0.5005321058630944 -0.12979400008916855 0.6908933928547032 -3.525315962413548e-05 0.7229545486353522 -0.00012444332818062448 
0.6195238810777665 -0.4771216127276421 -0.14112170562148094 0.7004441733904224 8.697215664951133e-06 0.7137070921904193 -4.481748285422023e-05 
0.6279234910011291 -0.4542444494366646 -0.14551728889346122 0.7034933199834648 1.337444129644162e-05 0.7107018570355688 -9.988660515180879e-05 
0.6335935288667679 -0.43187663972377777 -0.14744508489966393 0.7041549007621564 0.00017276691019130837 0.7100462502215386 -0.00037330909376496904 
0.6365529298782349 -0.40974566400051116 -0.14817337036132813 0.7039191826240985 0.0003399234361723076 0.7102798423447062 -0.0004440086183384872 
0.6377515578269959 -0.38770852744579315 -0.14838640496134758 0.7035726720596271 0.00043949855212141274 0.7106229881769898 -0.0005146547127221892 
0.63762082695961 -0.36572449043393135 -0.1483731035888195 0.7032874305148111 0.0004899113405060484 0.7109052298697821 -0.0005499355325064726 
0.636456442475319 -0.3437573844194412 -0.14827062845230102 0.7030921319145742 0.0004903394560536443 0.7110983796256611 -0.0005529654194915887 
0.6346591907739639 -0.3217581816017628 -0.14815516516566277 0.7029905478585866 0.0004536907310923509 0.7111988469152088 -0.0005288632000852042 
0.6326051890850067 -0.2996819843351841 -0.14806006893515586 0.7029668716788496 0.0003965157496492668 0.7112223103823253 -0.0004897319268715205 
0.6293067812919617 -0.28209591954946517 -0.1468122887983918 0.7029952209286656 0.0003322234731228136 0.7111943492265382 -0.0004479589120192989 
0.6222703349590302 -0.25434219449758527 -0.14638856023550034 0.6960241627915181 0.000266962607881341 0.7040242415726639 -0.00040102290169022515 
0.6204216545820236 -0.23270688369870185 -0.1462050434947014 0.6961030677041299 0.00018932986734789724 0.70394627959772 -0.0003445687613461639 
0.6188358575105667 -0.21125222772359847 -0.14601744040846826 0.6961947376890681 0.00013142069584108024 0.7038556564019661 -0.0002913650756660058 
0.6175772041082382 -0.18999073639512062 -0.1458321386575699 0.6962673605158404 8.379452669462299e-05 0.7037838495668829 -0.00022078858533011093 
0.6164584010839462 -0.1689991356432438 -0.14567256465554237 0.6962955517842828 -1.1727402588110096e-06 0.7037559849329604 -0.00013503734924495857 
0.4957887089252472 -0.5948148143291473 -0.027189690582454205 0.6963075474879997 -7.680950639982906e-05 0.7037441247003008 -1.900939922615741e-05 
