0.499985403418541 -0.584309796243906 -0.025579239141661672 0.5401172141037419 -0.3881616366674836 -0.5269553452346623 -0.5254969051059427 
0.5077243736386299 -0.557217838615179 -0.040237699557328595 0.48362202136326865 -0.485332960430118 0.46489808879710737 -0.4865059470349856 
0.5206407332420349 -0.528645451888442 -0.051321368981152776 0.5554260366453979 -0.5567579141182627 -0.01110921775566869 -0.5633314523060823 
0.5253596350550651 -0.48119291916489604 -0.043921331816818565 0.535893405448038 -0.541562088814959 -0.25400193042823793 -0.5427983640374565 
0.5367353162169457 -0.4420419804751873 -0.03593909716291819 0.5079886537986914 -0.5268185789908219 -0.36850310378435197 -0.5188135054148664 
0.5493143552541733 -0.40997205138206483 -0.030516647268086672 0.49352318650574195 -0.5121679005836003 -0.425425685427098 -0.503920519735965 
0.5627902612090111 -0.38141547188162805 -0.026953811913263053 0.48707632450648164 -0.5019491964085808 -0.4539558963917924 -0.4955793508800953 
0.5741481040418148 -0.3556305691599846 -0.0240083566471003 0.4845509093080996 -0.4955247608855016 -0.46834041536857624 -0.49113354117370944 
0.5853230020403862 -0.33144852459430696 -0.024523598044470418 0.4838867616281293 -0.4914673019199378 -0.47569088717747865 -0.4888007501440363 
0.5927903521060943 -0.30907403796911237 -0.0231783827682375 0.48398974481572504 -0.48896094095729997 -0.47936005248297947 -0.4876278101357668 
0.5968962751328946 -0.2892692641913891 -0.02163917327658055 0.4848264579110394 -0.48573336616150414 -0.48166899985100026 -0.48746812870584466 
0.5955956244468689 -0.27098595678806303 -0.02296841356437653 0.4850377778941209 -0.4853968618010656 -0.48248520839308234 -0.4869953841178728 
0.5958852402865886 -0.2540068100392818 -0.022017826871015132 0.4853495701707019 -0.48491165819605475 -0.4828634615974381 -0.4868448313911687 
0.5924955008924008 -0.24040244549512862 -0.020973647220234853 0.4855852270928542 -0.4846011177154235 -0.48306527851399994 -0.4867312518745625 
0.5858410905301571 -0.2276167842745781 -0.01808088763820706 0.48723259369580246 -0.47659265827607133 -0.4846691349752578 -0.4881737404404046 
0.5775823156535626 -0.21468133330345154 -0.018854362743441017 0.4868801680586442 -0.4794595450786728 -0.4848076956807627 -0.4879110526683511 
0.5676006929576397 -0.2068442938476801 -0.016084700889186933 0.4869473923442711 -0.4766986152280477 -0.4847597969505169 -0.4877524721015344 
0.5580936789512634 -0.2034937770664692 -0.014477378955925815 0.48206410143178935 -0.479489817631951 -0.48585470203678355 -0.4885766961674242 
0.5405376546084881 -0.197028850838542 -0.012184478961571585 0.484940899797027 -0.4788993485807089 -0.48578920037398166 -0.48847935153862393 
0.5233696085214615 -0.19268409945070744 -0.011636522293556481 0.4855271979719557 -0.48146740238728364 -0.4848972820153073 -0.4876316137933545 
0.5051854833960533 -0.19067314498126506 -0.00846909098123433 0.48577773908820004 -0.48266955309012943 -0.4843566899480549 -0.4870692829173632 
0.4875088334083557 -0.1921830166131258 -0.00459811557768262 0.48614601965155885 -0.48195809604670375 -0.48466885048913716 -0.48692030771752776 
0.46771195232868196 -0.19529549464583396 -0.0009579798359482083 0.4859379367688149 -0.48310674365293893 -0.48444600800228776 -0.48642817749528433 
0.4495033706724644 -0.19594844549894333 0.0027673177102406042 0.4865508975254616 -0.4808696349633198 -0.4851579182673244 -0.4868688738240124 
0.4282494230568409 -0.1966149202734232 0.007935697496286594 0.48647375664848747 -0.4813163906969031 -0.4852298548855035 -0.4866809025969781 
0.4075377583503723 -0.19930693604052066 0.011446677366329823 0.48703015197129773 -0.4790141625702285 -0.48593154715039816 -0.4872000832605072 
0.3859317898750305 -0.20257435731589793 0.020272106056218035 0.4864935789913467 -0.4811378975147796 -0.48550126129401067 -0.4865787059190424 
0.3648321660608053 -0.21022846758365632 0.029945832933299242 0.4863655535180083 -0.4814976419447252 -0.48550025536616226 -0.4864249743464077 
0.3427457208931446 -0.217057978361845 0.038808084052434424 0.48664926469229036 -0.4780914593577432 -0.48587313782879954 -0.486648576590513 
0.32035371139645574 -0.22307262368500233 0.050461988032921 0.48698642413897003 -0.4764727275513622 -0.48624702244482193 -0.48691962956371093 
0.2992726846784353 -0.23360960487276317 0.062271139158401635 0.4871927069397165 -0.47642561147411944 -0.4864663199013315 -0.4870665741374488 
0.2760598984360695 -0.241158787086606 0.07316652557645284 0.4822625105677083 -0.4714508109927506 -0.48153813207846885 -0.48208209491586645 
0.25715995747596027 -0.24592900276184082 0.08269907317240723 0.4819622258525634 -0.4739675587337724 -0.48126676028461657 -0.4817910389123676 
0.239476322196424 -0.2580259712040424 0.09559837596636499 0.4816799835319229 -0.4753899429182238 -0.4809757710900316 -0.4814971924454422 
0.22249662349000573 -0.2665046443045139 0.10769689556211233 0.48119905736647306 -0.4771082810182358 -0.4804812541896306 -0.4810700039062841 
0.20657842416316272 -0.27744086988270283 0.12169932118616998 0.48284945496279746 -0.46686448387041 -0.48212777757358977 -0.48276976597520066 
0.19161553252488375 -0.28343545146286486 0.13411648445529864 0.48192388427200933 -0.4735407861279758 -0.48128734594236405 -0.48190175195596824 
0.17699543462134898 -0.2918851210176945 0.14906733992043883 0.4831162762280731 -0.4656512294591689 -0.4825847241759312 -0.4832541543794875 
0.16366192938759924 -0.2993689765036106 0.164725857663434 0.48370272532054115 -0.46505298012639507 -0.4834020652054074 -0.4841392169225803 
0.15075385835953056 -0.30869601041078565 0.18252294864389115 0.4827311579371695 -0.46786118165938795 -0.482723475884695 -0.4834717416507725 
0.1387431862950325 -0.3157250440120697 0.1980890946369618 0.4830076535935908 -0.46455883197924835 -0.4832541884152562 -0.48400844924049957 
0.12652370667055948 -0.3216273057460785 0.21504918172955512 0.48248771053060613 -0.46838417121767817 -0.48312496721659476 -0.48386005526171155 
0.11549467164208181 -0.32415498346090316 0.23369307356653735 0.4821762960716487 -0.4667285483244693 -0.4831789297991872 -0.48375086515271176 
0.10418541022576391 -0.331352581679821 0.2524516424071044 0.48322097679550674 -0.46085616162242055 -0.4846442860490236 -0.4850962937055964 
0.09288532318954822 -0.33409148499369623 0.2711544753005728 0.4831848042249184 -0.46146811875481214 -0.4847701924926588 -0.4851060323353949 
0.08235245114192366 -0.3377086205780506 0.28977606459520755 0.4823246123912627 -0.46518239627648583 -0.48408625137500466 -0.48420181867256695 
0.07206032670103013 -0.33857287928462027 0.3090258795581758 0.48205681891465235 -0.466164396259637 -0.4840369126680637 -0.48404626414054186 
0.061734271908644583 -0.3375576385855675 0.32851227646693587 0.4832361367166882 -0.4571975862020243 -0.4854990072537512 -0.4854149848546876 
0.05091078451834619 -0.3372663277387619 0.3485995448380709 0.48459077469037304 -0.45042901955852543 -0.4871045514838713 -0.48692175933236004 
0.0400579389417544 -0.33470293283462527 0.368611258007586 0.483848890102859 -0.4539102905436942 -0.48634047302956573 -0.486030368793339 
0.029279217515140774 -0.33078948989510537 0.38721240069717167 0.48383792029942035 -0.4533078741060834 -0.4862968757518068 -0.4859457494093176 
0.017853452571798697 -0.3255482501536608 0.4065790376439691 0.48633876834743234 -0.44317799643102396 -0.48876204726876027 -0.4882773530907697 
0.0050024149473756555 -0.32086558736860754 0.4266961997002363 0.48569161051292264 -0.4498302007174601 -0.48807859841457857 -0.48740945035036404 
-0.008291498512844555 -0.31751762244850396 0.4469743262976408 0.4869034046697412 -0.4416317843321631 -0.4891166168883215 -0.4883354016868613 
-0.023512870743870734 -0.3137372765317559 0.4677353654056787 0.4875855415254827 -0.43951906403127444 -0.48973920461135845 -0.4890252118503542 
-0.039914690266014075 -0.3086917346343398 0.48663800850510597 0.48753638699742846 -0.4440007649641809 -0.48928516327194566 -0.4885588926540239 
-0.05711998997721821 -0.3035296940430999 0.5057876151800156 0.48762364483465825 -0.4433751195150614 -0.48899643180424973 -0.4882070839638301 
-0.075825865969382 -0.2953849891503342 0.5257654546201229 0.4924737061675845 -0.4136884533922833 -0.493272435105359 -0.4924284794189549 
-0.09493135562282987 -0.2870538633177057 0.5455593128502368 0.4921843156495478 -0.4223486932996588 -0.4925552215994051 -0.49163716482785064 
-0.11466647712048143 -0.27881118886638434 0.5652196435630321 0.492284030882852 -0.41902686149327467 -0.4922143332214629 -0.4914584053322579 
-0.13580040854401887 -0.268696551695466 0.584827741086483 0.4942669961202942 -0.40939951977024763 -0.4938501022211993 -0.49316469051143563 
-0.15743169493973255 -0.256875024959445 0.6050126454234124 0.49367367268994267 -0.41876918296628896 -0.4926881503180342 -0.49191733340937543 
-0.179553572749428 -0.2433617423288524 0.6253064212203026 0.5003711063375849 -0.37285643809449104 -0.49897214642770216 -0.49826250919309545 
-0.20132319291122258 -0.23141986124101094 0.6457684516906739 0.49956208288430903 -0.3718992623678806 -0.4980041242630761 -0.4973831605703146 
-0.22235814733430742 -0.21597518909489735 0.6657991307973862 0.49710400290133294 -0.38787210894038826 -0.49868098537097716 -0.49810062282920237 
-0.24265970981283316 -0.2012588534981478 0.6854066225886345 0.5008338227464221 -0.3812503392591329 -0.5002972196207556 -0.4997906395457327 
-0.2587433532695286 -0.18821891194558701 0.6943835723400116 0.496027066923871 -0.3895186687314443 -0.49423244572964997 -0.49362713170669564 
-0.27805103816092014 -0.1754917783604469 0.7135555717349052 0.49622711212435205 -0.3861693203061642 -0.4934893154987561 -0.4926548515400605 
-0.29647989333607255 -0.16029467914951964 0.7314432647824287 0.4963312821636409 -0.3785910104110534 -0.49324474886761344 -0.49226757750824746 
-0.3141370493016439 -0.14766377737512812 0.749309855401516 0.49603546877628146 -0.38608722618973734 -0.49239414509695784 -0.49134263235095044 
-0.33054230995010586 -0.13485529886558653 0.7665773740410805 0.5016581596724701 -0.35388297581514583 -0.4972724914818252 -0.4961070283251107 
-0.344857170432806 -0.12279097295191604 0.7826656833291054 0.4996230755615621 -0.36853239736401533 -0.4949806920146401 -0.4936700210896856 
-0.3588940248009749 -0.11064415621571243 0.7981739023327827 0.5014441338255166 -0.359345886681019 -0.4963844664031478 -0.4947425794012315 
-0.3712534967251122 -0.09659160142706241 0.8128767934441566 0.503565201473601 -0.366241299046211 -0.4981171120171846 -0.4964491760908266 
-0.3806707394705154 -0.08688243429525755 0.8250834494829178 0.5014536277714767 -0.3715088435743313 -0.4950720758839843 -0.49336967080629424 
-0.3891590504348278 -0.07726414371631109 0.8361210745573043 0.5029134807941485 -0.36330204388220694 -0.49640186786924767 -0.49420994762889925 
-0.39566033085342495 -0.06885953091201373 0.8457411521673203 0.5030152823351479 -0.36461640648756233 -0.49552360963727005 -0.4933036779399061 
-0.40217399278655647 -0.06253389151301235 0.8545837485790253 0.5073082532691405 -0.34908261112064376 -0.4991679435037103 -0.4967667321417551 
-0.4066728786379099 -0.05496462784241885 0.8628467416763306 0.5074178400847901 -0.3346987280529954 -0.49873906359291814 -0.4967406735162408 
-0.4120765645056963 -0.04767816517269239 0.8708303326368332 0.510257013068101 -0.3354337137016752 -0.5012778915963068 -0.49899535352399105 
-0.41530930921435355 -0.04245355263352394 0.8765686291456223 0.5070678092608509 -0.348745441737538 -0.4979624794728036 -0.49584930288578183 
-0.417328158468008 -0.03704313734255266 0.8820837438106537 0.5088024192986638 -0.32725333182201477 -0.500822945883457 -0.4990109546617731 
-0.4186723235994577 -0.03204577770025935 0.8860583597421646 0.5091676137847942 -0.34088307378419525 -0.4999536978417243 -0.4980799397846864 
-0.41904072239995005 -0.025311494808120186 0.8891423177719117 0.506372313132543 -0.3414069670994715 -0.5005033991746061 -0.49867362595725273 
-0.41922763459384443 -0.019767334032803775 0.893296068906784 0.5087113252138606 -0.33505756216692684 -0.49948832966175194 -0.49784799377876743 
-0.4195540655776858 -0.01625119900534628 0.896835098862648 0.5108358562789945 -0.33152127224559025 -0.500632441424775 -0.4985391818022119 
-0.4198735487833619 -0.012038496036839206 0.90031598508358 0.5121847822055993 -0.32728177723298557 -0.501331024410783 -0.4992057115118739 
-0.4195551825244911 -0.005979130084742792 0.9031049317121506 0.5120801599815161 -0.3363403008593134 -0.5006990112200789 -0.4987171732567476 
-0.4186204621195793 -0.003796162977378117 0.9059696042537689 0.5131306661537096 -0.3308201770587079 -0.5003446787922424 -0.49888272238335846 
-0.41814622476696967 -0.00013524908164981751 0.9079742735624313 0.5144240260695337 -0.3229173787857913 -0.5023221832105719 -0.5002192379006676 
-0.41708527229726317 0.0012079918407835067 0.9097264009714127 0.5134442686912076 -0.3370656102290513 -0.5004699725976279 -0.498903463389074 
-0.4164599869400263 0.0021542984276311473 0.9109755820035934 0.51282521735997 -0.3345526661485877 -0.5001030353512066 -0.49823320072612803 
-0.4143007742613554 0.005170256243236509 0.9108879345655442 0.5084080672985064 -0.36640340970993684 -0.4960661715501732 -0.4942351150003103 
-0.4109142501652241 0.007318153469241224 0.9105626052618027 0.5071512311327827 -0.3669741573690578 -0.4942902158486033 -0.49236967983652397 
-0.4077371249347925 0.0089802312979009 0.9034658306837082 0.5100455596507296 -0.3099644260572323 -0.4962948297363679 -0.4944707078896004 
-0.40845236673951146 0.009556307028688024 0.9071900647878647 0.5095317464429597 -0.3130716809638113 -0.4969067714106181 -0.4947349281877984 
-0.40828959390521047 0.011537228719971608 0.9087067985534668 0.5085700613271039 -0.31275748346968596 -0.49651761025541263 -0.4943615483411319 
-0.4067206402122974 0.013198301810189151 0.9091649293899536 0.5076540279699073 -0.33378368292563676 -0.4959156040880482 -0.493852191312152 
-0.40397017896175386 0.014570268255192786 0.909030179977417 0.5037025905660688 -0.33808769956537327 -0.49076626413877855 -0.4892308248850796 
-0.4032554253935814 0.017254466598387808 0.9099028432369232 0.5065300751656866 -0.3247942115888196 -0.4932914492525674 -0.4915318684812761 
