0.5007966756820679 -0.6008230447769165 -0.027464333921670914 0.5212312696909996 -0.48778920894725525 -0.4959099840107974 -0.49442182282877667 
0.5282012820243835 -0.5810408592224121 -0.02577931433916092 0.49854914781422066 -0.5002346843044211 0.49969883333815407 -0.5015127952436093 
0.5447906255722046 -0.5533151626586914 -0.04540308564901352 0.5745167318020076 -0.5756336138656892 -0.0012378669663391764 -0.5818719233240597 
0.5459059476852417 -0.5022984147071838 -0.04491714760661125 0.554122031350738 -0.5588479652869959 -0.2573957883102286 -0.560700574483808 
0.5586057901382446 -0.4604963958263397 -0.04032497480511665 0.5242135216930446 -0.5434495101748463 -0.37807798154464817 -0.535649002086273 
0.5739935636520386 -0.4262356162071228 -0.03461505472660065 0.5086832360811543 -0.5286425001227311 -0.4375562818890966 -0.5199259298913476 
0.5710744261741638 -0.39758366346359253 -0.03396431729197502 0.5018901790338504 -0.5181175976967017 -0.4673594666189417 -0.5111120543560159 
0.5903602838516235 -0.3702624440193176 -0.033236753195524216 0.4998849913929451 -0.5104576119758829 -0.48238572265312835 -0.5068057185316416 
0.6099143624305725 -0.3438514471054077 -0.03280126675963402 0.4994374662833596 -0.5062521146762125 -0.4898425197994796 -0.5043067711768476 
0.6295462250709534 -0.31800615787506104 -0.032578978687524796 0.49944140899869 -0.5038577175996151 -0.493578669480119 -0.5030564346342719 
0.6490170359611511 -0.2924417555332184 -0.032406121492385864 0.4995789060080491 -0.5025019755349311 -0.49544790702335784 -0.5024381083093385 
0.6689867377281189 -0.26715564727783203 -0.026705017313361168 0.4996656813304069 -0.5017923484221632 -0.4963761033283524 -0.5021448098010687 
0.6929487586021423 -0.24129611253738403 -0.0011600930010899901 0.4995304145198665 -0.5015846970363325 -0.4971960580263797 -0.5016754294876417 
0.6686726808547974 -0.24778595566749573 -0.018996652215719223 0.4993181759801369 -0.5013137805144932 -0.49842754374557685 -0.5009349620837885 
0.6619646549224854 -0.22528082132339478 -0.027514157816767693 0.49962460062073144 -0.5005325204220901 -0.49873579581266886 -0.5011038419625106 
0.6396961808204651 -0.20277737081050873 -0.03182319179177284 0.5004991664095506 -0.49948477320665907 -0.49856404735720994 -0.5014473416430036 
0.6174253225326538 -0.22556331753730774 -0.034128692001104355 0.500963438390703 -0.4986530872286287 -0.49828607851228673 -0.5020873588868465 
0.594829797744751 -0.2026415318250656 -0.02738071233034134 0.5017233290499249 -0.4977125357582947 -0.4976313938443994 -0.50291045793122 
0.5724567174911499 -0.22537538409233093 -0.03134586289525032 0.5013071819522171 -0.4980853943643349 -0.49813144744699994 -0.5024610535239609 
0.5501219630241394 -0.2027330994606018 -0.03394479677081108 0.5017263789265692 -0.49761382119379005 -0.4977378274186853 -0.5028997721243015 
0.5262702107429504 -0.17847932875156403 -0.016116928309202194 0.5016941316156719 -0.49759531699130705 -0.49776297375550765 -0.5029253630199926 
0.5037503242492676 -0.20124834775924683 -0.02640802226960659 0.5008537234820886 -0.49868452038764 -0.498780076432535 -0.5016749267741331 
0.4813738167285919 -0.17854392528533936 -0.0313803032040596 0.5012225125411209 -0.4982123785764373 -0.49835569484651376 -0.5021971925142782 
0.4590001404285431 -0.18661583960056305 -0.033926937729120255 0.5012914283383451 -0.4980466154913686 -0.49822132427796095 -0.5024260987516569 
0.4343174695968628 -0.16612741351127625 -0.009409832768142223 0.5017412231733018 -0.4975574194709597 -0.4977392703325261 -0.5029393383568269 
0.40962308645248413 -0.19102157652378082 0.00017148748156614602 0.5009233546635581 -0.49879227109974233 -0.4988087218674438 -0.50146976183289 
0.38492849469184875 -0.2159179151058197 -0.007683592848479748 0.5005344774775843 -0.49941198116458135 -0.49933657195727227 -0.5007153860542627 
0.3602276146411896 -0.24081896245479584 0.01132945530116558 0.5003480066503453 -0.49972039081219183 -0.4995944728469924 -0.5003366526132902 
0.3355345129966736 -0.265727162361145 0.035866327583789825 0.5002447797686078 -0.49988172890488525 -0.4997230257438058 -0.5001502923749774 
0.3108523488044739 -0.2906418740749359 0.010416872799396515 0.5001907621935624 -0.4999643827249376 -0.49978509134594934 -0.500059676329752 
0.2861619293689728 -0.31557008624076843 0.034954771399497986 0.5001822201913156 -0.49999763648120793 -0.49980586209763334 -0.5000142101286061 
0.26149436831474304 -0.31298407912254333 0.012111371383070946 0.500161330060037 -0.5000224915201785 -0.4998188833637241 -0.4999972357119264 
0.23683705925941467 -0.33791694045066833 0.03666072338819504 0.5001869142390097 -0.5000472088569393 -0.4998114974887258 -0.49995430462845286 
0.21219424903392792 -0.3610147535800934 0.018095852807164192 0.5001556227277925 -0.5000389607222455 -0.4998095609915489 -0.49999579353733165 
0.18753737211227417 -0.3859761953353882 0.003860476426780224 0.5001285605036617 -0.5000249417489527 -0.49980739060756535 -0.500039051366539 
0.18627330660820007 -0.36854925751686096 -0.021644171327352524 0.500111933139536 -0.5000249779675612 -0.4998053827269344 -0.5000576518134272 
0.16158688068389893 -0.34352970123291016 0.0009821986313909292 0.5001211461081086 -0.500040044902622 -0.49979741619554363 -0.5000413337650741 
0.14018288254737854 -0.33189722895622253 0.020339542999863625 0.5001085573058266 -0.5000444609461904 -0.4998149458396947 -0.5000319868786214 
0.12211969494819641 -0.3476199805736542 0.031103800982236862 0.49975826029716214 -0.5003302614636124 -0.4998715347054037 -0.5000397579390781 
0.1034410148859024 -0.37904566526412964 0.043110474944114685 0.49898469237379656 -0.5008665760094124 -0.5001990728334298 -0.49994783462858633 
0.08339112997055054 -0.4114454686641693 0.05464887619018555 0.4984691891985535 -0.5015029925612331 -0.5003882989519255 -0.4996346326505632 
0.06144474446773529 -0.4028865396976471 0.0558527335524559 0.5562821085981156 -0.2595099844599236 -0.5589704986562615 -0.5574556172927266 
0.03803655505180359 -0.43706682324409485 0.07841183245182037 0.5315825204326696 -0.38468340910836457 -0.5359098691915544 -0.5312619982930347 
0.014812690205872059 -0.4545212388038635 0.10255186259746552 0.5166765042487641 -0.444127337351979 -0.5192528473372003 -0.5159193529090844 
-0.010760745033621788 -0.43186599016189575 0.12278658151626587 0.5567522103774102 -0.2631208116283844 -0.5582739386111331 -0.5559897698658681 
-0.03654759004712105 -0.41479742527008057 0.14424002170562744 0.5327004613794886 -0.3863096498961707 -0.5344066705506314 -0.5304758084155837 
-0.06239128112792969 -0.3987277150154114 0.16612915694713593 0.5176859517715273 -0.4450045032358306 -0.5181618268063386 -0.5152480651870104 
-0.08471154421567917 -0.4213789999485016 0.1883210986852646 0.5093644740722678 -0.4735145667461459 -0.5089133656134417 -0.5072858897429451 
-0.1071092039346695 -0.39847680926322937 0.21019823849201202 0.5048055246580943 -0.4874821252324612 -0.5039532891111792 -0.5035510324163119 
-0.12952078878879547 -0.37673988938331604 0.23172986507415771 0.5025464542458663 -0.4943926332263365 -0.5011730088009207 -0.5018451960374521 
-0.15242217481136322 -0.35727807879447937 0.25266310572624207 0.5013895136413531 -0.4978638198710762 -0.49960748046140047 -0.5011312581957739 
-0.17525433003902435 -0.3362378180027008 0.2695440649986267 0.5781089472588761 0.000196336502739488 -0.575919198958858 -0.5780199674940296 
-0.1980195790529251 -0.3156956732273102 0.28783535957336426 0.5600287130711379 -0.26067781272957147 -0.5552279421154402 -0.5568993183517692 
-0.21865476667881012 -0.2957853376865387 0.30603906512260437 0.5355165660203193 -0.3849623742039934 -0.5303149178589932 -0.5327213773270592 
-0.24043017625808716 -0.27675923705101013 0.3241725265979767 0.5189760456721534 -0.44473153058268167 -0.5144605340782932 -0.5178881043236633 
-0.26304036378860474 -0.25828346610069275 0.34208226203918457 0.5097520842513381 -0.4740205360660294 -0.5055894341887517 -0.5097417660205888 
-0.2920643389225006 -0.23428863286972046 0.358814001083374 0.5752171795618631 -0.10913463777262145 -0.570528608635061 -0.5759443843845303 
-0.31761446595191956 -0.20850136876106262 0.37436988949775696 0.555462547118357 -0.31135299086100615 -0.5457199596169799 -0.5447112992277058 
-0.3435616195201874 -0.18170256912708282 0.3900567889213562 0.5580131381413409 -0.2950597770197725 -0.547660865277502 -0.5492072853578992 
-0.36897289752960205 -0.17026104032993317 0.4065776765346527 0.5350528005133826 -0.400871944710913 -0.524509612706519 -0.5271715572609498 
-0.39355504512786865 -0.17307904362678528 0.4234625995159149 0.520759311506719 -0.4520861272010264 -0.5104874869865328 -0.513644233591306 
-0.4175540506839752 -0.14795315265655518 0.44042113423347473 0.512905297625626 -0.47726468767054336 -0.5030007885115162 -0.5060995755057495 
-0.4408215284347534 -0.12263000011444092 0.4573030471801758 0.5090038476336398 -0.4895928321243499 -0.4991375084961906 -0.5020713987460588 
-0.4697887897491455 -0.09886566549539566 0.4730570912361145 0.584028100798681 0.005132505394632915 -0.5723900909531561 -0.5755470603213063 
-0.49715641140937805 -0.09395089000463486 0.4876895248889923 0.5628197512952944 0.2586990803876129 -0.5538047718942041 -0.5564251863330012 
-0.5178210735321045 -0.059447940438985825 0.5088339447975159 0.5728966926478518 -0.1392384527272697 -0.5718800657284088 -0.5703991788719016 
-0.5396389365196228 -0.059291135519742966 0.5248197913169861 0.5522293231926497 -0.32150918368015646 -0.54536887515099 -0.5424457663509333 
-0.5616891384124756 -0.032765600830316544 0.541117250919342 0.5329118135777526 -0.4122308812882599 -0.5226287812398038 -0.5224268910396674 
-0.5835753679275513 -0.007002305705100298 0.5573968291282654 0.5212900693223383 -0.45673853760675825 -0.5089249278693436 -0.5105310859134192 
-0.6020597815513611 0.016058344393968582 0.5733320713043213 0.5149369224783752 -0.4787680535530162 -0.5015382097405137 -0.5040640246395656 
-0.6076902151107788 0.02940448559820652 0.5876180529594421 0.5122031774363438 -0.4892469692108245 -0.4979254392311034 -0.5003554387719282 
-0.6058295965194702 0.03671235963702202 0.6004493832588196 0.5128236046189286 -0.49256292809004837 -0.4971640753524788 -0.4972138318630338 
-0.6148608922958374 0.010170572437345982 0.614189624786377 0.5143003893574427 -0.49311007458777967 -0.4973507130563272 -0.4949543737246697 
-0.6130782961845398 0.019613459706306458 0.6256561279296875 0.5134624308154819 -0.4950803172320375 -0.49638762758420585 -0.4948243474323038 
-0.6087887287139893 0.026786772534251213 0.6362165808677673 0.5147385877230664 -0.49440535743388225 -0.49678905760477315 -0.4937693399692814 
-0.6179640293121338 -0.005077512934803963 0.6487559676170349 0.5158224524688453 -0.4936521856974057 -0.49709733730772127 -0.4930810829131185 
-0.624056339263916 -0.020511165261268616 0.660085141658783 0.5143511829098497 -0.4954181946157462 -0.49606093754988784 -0.4938898858248055 
-0.6310504078865051 -0.0030978333670645952 0.6714645624160767 0.5297073683759134 -0.4466208225036844 -0.5108357798533261 -0.5089074088830315 
-0.6230111122131348 0.004991587717086077 0.6787437200546265 0.5220560461101851 -0.4717008477419328 -0.5029520459908711 -0.5019910700330623 
-0.6440192461013794 0.008615927770733833 0.6977338790893555 0.5919081293095126 -0.07843173641039314 -0.5689830804997902 -0.5654657224677136 
-0.6606558561325073 -0.016150059178471565 0.7093194127082825 0.5580959504412892 -0.30325812051947915 -0.5480956459634315 -0.5442008685365687 
-0.6715598702430725 0.012490417808294296 0.7199290990829468 0.5834914384235703 -0.12699215441952194 -0.566825846472308 -0.5675554543595127 
-0.6590983271598816 0.017242738977074623 0.7244343757629395 0.5622345148487389 -0.3149347226181506 -0.5392017050902256 -0.5421899962467265 
-0.6362959146499634 0.016034184023737907 0.7252795696258545 0.5432175348937383 -0.4049215674807715 -0.519796681276634 -0.5203505012072946 
-0.6186596751213074 0.016567645594477654 0.7269853353500366 0.5335128497397511 -0.44669351862879836 -0.5093849699347442 -0.5063160001245991 
-0.6225929260253906 0.030723873525857925 0.7351492643356323 0.5532781296349405 -0.37636486533023306 -0.5278313742228244 -0.5230935287294829 
-0.6078057289123535 0.032231103628873825 0.7373525500297546 0.5358122254220367 -0.4367156613940642 -0.5114833389043486 -0.5104600711169179 
-0.5948668122291565 0.03458859398961067 0.7396610379219055 0.5286659956160308 -0.4632575837598136 -0.5042755111625093 -0.5016082983864202 
-0.5848842859268188 0.038337789475917816 0.7426047921180725 0.5248226268833855 -0.47652325266173806 -0.5004461579485124 -0.4970316317685149 
-0.594748854637146 0.05510075017809868 0.751664400100708 0.5511239594425289 -0.3841309212876308 -0.5255676113393477 -0.5220004813696613 
-0.5879546999931335 0.04450267180800438 0.7552621364593506 0.5340273814913015 -0.441195879015554 -0.5095334592612725 -0.510427865668086 
-0.5775704979896545 0.047141045331954956 0.7572584748268127 0.5267967600146806 -0.46656202599790475 -0.502470155893868 -0.5023233938119521 
-0.5690418481826782 0.050570301711559296 0.7596122026443481 0.5236733692078802 -0.4784339454283942 -0.4991329149850962 -0.4977283349607175 
-0.5621073842048645 0.054596249014139175 0.7623043656349182 0.5218741928219861 -0.48456920434067324 -0.4973035335237252 -0.4955090398931836 
-0.5562145709991455 0.058857470750808716 0.7651740312576294 0.5207714530238335 -0.48784037767063837 -0.49624532500405677 -0.49451940006559136 
-0.565726637840271 0.025921689346432686 0.7730082273483276 0.5200956769727471 -0.4896065688091014 -0.49560685544081673 -0.4941252264490288 
-0.5843839049339294 0.050331711769104004 0.7830650806427002 0.562111867150389 -0.32612805799322386 -0.5370244352713011 -0.5378433735947784 
-0.5787401795387268 0.055708639323711395 0.7853229641914368 0.5405318658785925 -0.4140929442909251 -0.5150511221210164 -0.5206483237850307 
-0.5913708806037903 0.07618971914052963 0.7925909757614136 0.5717483775071928 -0.27706434936898605 -0.5442513491027754 -0.5478408602198653 
-0.5768683552742004 0.07275024056434631 0.7917816042900085 0.5482385410428721 -0.3891290157279707 -0.5198270114904662 -0.5270607074698841 
