0.5007966756820679 -0.6008230447769165 -0.027464333921670914 0.5404452137092637 -0.3776599894500224 -0.5292270971041735 -0.53405110526807 
0.5278518795967102 -0.5814843773841858 -0.04776229336857796 0.49854914781422066 -0.5002346843044211 0.49969883333815407 -0.5015127952436093 
0.5405934453010559 -0.5507771968841553 -0.06119781360030174 0.5740733661501394 -0.5754158956103474 -0.0013209448456961157 -0.5825243106177668 
0.5485466122627258 -0.4988779127597809 -0.05048477649688721 0.5529155051192982 -0.560353810822361 -0.25626068441627015 -0.5609086489955687 
0.5665720701217651 -0.4618931710720062 -0.016712013632059097 0.5233484273219305 -0.5448935044784031 -0.3772021924348284 -0.5356454036200303 
0.5828222036361694 -0.42688122391700745 -0.02541891112923622 0.5089522807312216 -0.5281498503357356 -0.43840446356945545 -0.5194485901907965 
0.571754515171051 -0.39910703897476196 -0.020157480612397194 0.5013722438747004 -0.5182827044542773 -0.46830875455390025 -0.5105838048193297 
0.5915734171867371 -0.3721892535686493 -0.02666911482810974 0.49929931578886705 -0.5106927659418996 -0.48377560508790596 -0.5058203791754657 
0.6112273335456848 -0.34581583738327026 -0.029537571594119072 0.4989782218146544 -0.5065026710374363 -0.4909297306271507 -0.503451862617452 
0.6335360407829285 -0.31976112723350525 -0.015368250198662281 0.49905953792056884 -0.5041237948543009 -0.494306896568247 -0.5024534496620312 
0.6535359025001526 -0.29437264800071716 -0.02410268224775791 0.49885809625307737 -0.5029503895746654 -0.4968559442757756 -0.501313949603714 
0.6378065943717957 -0.2715928852558136 -0.029786420986056328 0.4990065215873196 -0.502295296173799 -0.4975666010131985 -0.5011181541424858 
0.6595481634140015 -0.24807873368263245 -0.03221755102276802 0.5000718790929191 -0.5003598376917655 -0.4978383988047598 -0.5017221115727908 
0.6381811499595642 -0.22564497590065002 -0.03419005498290062 0.5009558656180246 -0.4997172090912208 -0.4976796988036511 -0.5016381654536306 
0.6603675484657288 -0.22618025541305542 -0.03483913838863373 0.5013376310708805 -0.49866316394491117 -0.4976882855321095 -0.5022967240992101 
0.6837235689163208 -0.23885151743888855 -0.014063593931496143 0.502125737961363 -0.4983567970784206 -0.49727455715589514 -0.5022233177461026 
0.6612156629562378 -0.21614348888397217 -0.02521411143243313 0.5003840307411994 -0.49996847008936757 -0.49847510703908054 -0.5011685528423193 
0.6389181017875671 -0.19359199702739716 -0.030712388455867767 0.5005455015092289 -0.49930450636419865 -0.4986277069156477 -0.5015173184839398 
0.6231752634048462 -0.17100250720977783 -0.03346120938658714 0.5009230231842323 -0.49862906525458317 -0.4983865433397208 -0.5020518235652512 
0.6008643507957458 -0.14837732911109924 -0.034874945878982544 0.5013774186281276 -0.49814345693951384 -0.4980814009127538 -0.5023830196801389 
0.5762344598770142 -0.17330707609653473 -0.010354381054639816 0.501586024140033 -0.4977957775625363 -0.49786912820875656 -0.5027297041203723 
0.5515958070755005 -0.18862096965312958 0.004568787757307291 0.5008730660180593 -0.49889315855036565 -0.4988734776216764 -0.5013552048348192 
0.5276230573654175 -0.16432037949562073 -0.01678336411714554 0.5005113456859768 -0.49944768620470226 -0.49937486165963413 -0.5006647072910203 
0.5050978660583496 -0.1871120035648346 -0.026550989598035812 0.5003671736771313 -0.49953359374183526 -0.4994988200327065 -0.5005994496757469 
0.48269033432006836 -0.1984342634677887 -0.03147931769490242 0.5010023582075755 -0.49861670636521 -0.49869254947553115 -0.5016809327665872 
0.45756107568740845 -0.1730526089668274 -0.028978148475289345 0.5537484359088264 -0.28819833805934725 -0.5500021756219524 -0.5547990577492699 
0.4328433573246002 -0.19306273758411407 -0.018603777512907982 0.5301763973709637 -0.3970920174772811 -0.5286042264762573 -0.5308563733044998 
0.40942010283470154 -0.1785171926021576 -0.028377745300531387 0.516036582131212 -0.4493124808415795 -0.5150784256556846 -0.5162545456326593 
0.38471952080726624 -0.20337000489234924 -0.02186856046319008 0.5085112608964962 -0.4743297889916149 -0.5072607158740128 -0.5090325283786977 
0.36000367999076843 -0.17828267812728882 0.002010656287893653 0.504396749864288 -0.4872229935039466 -0.5036030994161164 -0.5045607907733989 
0.3354324996471405 -0.20327705144882202 0.026361433789134026 0.5022745484009712 -0.49364946252835135 -0.5017427496646406 -0.5022795031982054 
0.31149497628211975 -0.20192991197109222 0.049762435257434845 0.5012572652036 -0.49678253850910675 -0.5007926035544956 -0.5011537007128307 
0.28785207867622375 -0.22770152986049652 0.07273279875516891 0.5009240192039471 -0.498155991441117 -0.5002626172626026 -0.5006526230286348 
0.264311820268631 -0.25376221537590027 0.08605190366506577 0.5008442010006192 -0.4987497198782346 -0.49996896800306134 -0.5004346453627964 
0.24090348184108734 -0.28023257851600647 0.10875093936920166 0.5008595450261845 -0.4990123633484396 -0.4997850253860571 -0.5003411893712394 
0.21752971410751343 -0.2998749911785126 0.12491264194250107 0.5008904367044077 -0.4991133045477909 -0.4996687269949267 -0.5003257368002585 
0.19586384296417236 -0.2775142788887024 0.13056884706020355 0.5009059509995422 -0.49915687725860974 -0.49959176682047585 -0.5003435886107394 
0.18604329228401184 -0.2680698335170746 0.15196017920970917 0.5009686285296115 -0.4991152623154434 -0.49949349888489425 -0.5004204559414737 
0.18393971025943756 -0.252216100692749 0.17283397912979126 0.5009667493366342 -0.4991377347824532 -0.49935318410150276 -0.5005399437637502 
0.17637988924980164 -0.2879551947116852 0.19433148205280304 0.5008529116643795 -0.4992324367720453 -0.49921603612588406 -0.5006961995329292 
0.1885565221309662 -0.27246803045272827 0.21978788077831268 0.578107702864854 -0.012754083421307348 -0.5762030066902847 -0.5775975349025305 
0.18562719225883484 -0.2762868404388428 0.24386750161647797 0.5561391777500714 -0.2667099048650752 -0.5548126311216282 -0.5583529224121904 
0.176371231675148 -0.2911018431186676 0.2679537832736969 0.5323768339424882 -0.3868791897155149 -0.5307549610928457 -0.5340398585515608 
0.16097477078437805 -0.3218807578086853 0.2915962338447571 0.5172018096562091 -0.44416743252621516 -0.5162110942804545 -0.518404944144236 
0.1528313308954239 -0.3221496641635895 0.3153248429298401 0.5086038007260482 -0.4722435301750898 -0.508188013804758 -0.5099540809915757 
0.15195533633232117 -0.3127840757369995 0.32050594687461853 0.5035938614186803 -0.4861048585558695 -0.5042337395946115 -0.5058098704891341 
0.1540755033493042 -0.30335262417793274 0.34416621923446655 0.5008630429016785 -0.49293187022751145 -0.5022728341297341 -0.5038614726932035 
0.1536034196615219 -0.30933135747909546 0.3681660294532776 0.4993325671266403 -0.4963543194792238 -0.5014708372600405 -0.5028184327555522 
0.15341131389141083 -0.2975216209888458 0.4090183973312378 0.4987150579921765 -0.4978337126396333 -0.5012189249095024 -0.5022195484087231 
0.1436924934387207 -0.32787105441093445 0.43358471989631653 0.4989334772098471 -0.498577383406328 -0.5011217295699102 -0.50136113753247 
0.1390383243560791 -0.31030187010765076 0.4597157835960388 0.4993034109321217 -0.4983361125895646 -0.5014505220210731 -0.5009037798674141 
0.13017477095127106 -0.34361425042152405 0.4883466362953186 0.49905736451216587 -0.49826228124011424 -0.5021831286230338 -0.5004883128964653 
0.12260757386684418 -0.32892006635665894 0.5182597637176514 0.4987995943552921 -0.49867979315146754 -0.5025308053579542 -0.49998021784835806 
0.11075092852115631 -0.351640522480011 0.558137834072113 0.49756590554343894 -0.49924455403938284 -0.5027765804206914 -0.5003985962042975 
0.09374241530895233 -0.34217026829719543 0.5898572206497192 0.4977200797044546 -0.4989744625435579 -0.5018616885964721 -0.5014320028752223 
0.0746026262640953 -0.3355781137943268 0.6210218071937561 0.4971262418707572 -0.5001997919593021 -0.502357651688671 -0.5003023661318946 
0.05339472368359566 -0.33435118198394775 0.6450076699256897 0.4968311292797526 -0.5011415384795483 -0.5026623901740759 -0.4993460812837548 
0.029377561062574387 -0.33476129174232483 0.6651805639266968 0.49675264176808087 -0.5019068155322476 -0.5028271819597253 -0.49848890308727295 
0.001956287072971463 -0.33520299196243286 0.6845852136611938 0.5002473349037835 -0.49276760635818834 -0.5057510435197082 -0.5011472558284737 
-0.02395360916852951 -0.3653874695301056 0.7094929814338684 0.49931503799646776 -0.4972161194369424 -0.5039909310664363 -0.4994534661061437 
-0.05024010315537453 -0.3596644699573517 0.7345406413078308 0.4995534216044103 -0.498778472736957 -0.5021877114753817 -0.49947363948524226 
-0.07826917618513107 -0.34066134691238403 0.7595451474189758 0.4997754695604909 -0.4994288708128413 -0.5012514205009485 -0.4995420867854704 
-0.10662304610013962 -0.32021406292915344 0.7842316627502441 0.5000608726372595 -0.4996129101174244 -0.5008388156684822 -0.499486280513342 
-0.1336829662322998 -0.29746976494789124 0.8089260458946228 0.5002875961092463 -0.4997084527880859 -0.5006250372381084 -0.49937796855859756 
-0.15824486315250397 -0.2729750871658325 0.8338699340820312 0.5003386173296442 -0.49981930025989024 -0.5004302126446674 -0.4994111906723624 
-0.18226414918899536 -0.24897697567939758 0.8589211702346802 0.5002785504262836 -0.49982327192943143 -0.5002684108804244 -0.4996294485879602 
-0.20612020790576935 -0.2502909302711487 0.883983850479126 0.5002917455734979 -0.4997938883177902 -0.5002546886195168 -0.49965936899591634 
-0.22949640452861786 -0.22708123922348022 0.9090710282325745 0.5003114746089576 -0.4997629633732432 -0.5002756205714889 -0.4996495894892903 
-0.2523600459098816 -0.20447920262813568 0.9340577125549316 0.5003790124792735 -0.49969416099986086 -0.5003432449806855 -0.49958305269005066 
-0.27457985281944275 -0.18256281316280365 0.9587264657020569 0.500486100733783 -0.499587139142387 -0.5004273291112576 -0.49949859024264737 
-0.29694104194641113 -0.1609053760766983 0.983977735042572 0.5778837237968553 0.0006740564506152091 -0.5777127006029895 -0.5764529321467468 
-0.3186878561973572 -0.13961690664291382 1.008853793144226 0.5577623613898538 -0.25836501363845316 -0.5579223707502403 -0.5575583343120678 
-0.33801257610321045 -0.1200874075293541 1.0312267541885376 0.5337123510425905 -0.3825061604023283 -0.5336193377824302 -0.5330014689881256 
-0.3526438772678375 -0.10277844965457916 1.0480961799621582 0.5286980041050381 -0.4048910642518888 -0.5279080031932208 -0.5271193287187146 
-0.35667017102241516 -0.08879383653402328 1.0510337352752686 0.5170929179126166 -0.45099030529758116 -0.5147140335389653 -0.5140934958256714 
-0.3694334626197815 -0.07322940975427628 1.0659217834472656 0.546375579716398 -0.34582825647242743 -0.5391872816143207 -0.5395865252766885 
-0.3682692348957062 -0.0624103769659996 1.0622953176498413 0.5271973429875219 -0.4220971524993768 -0.5213845468520348 -0.5215890237559772 
-0.36308732628822327 -0.05327240005135536 1.0536489486694336 0.5203216408699803 -0.4550007293980677 -0.5102674282401166 -0.5117293014542114 
-0.358631432056427 -0.0445813350379467 1.0465548038482666 0.5178402702963985 -0.4698882414892949 -0.5044662732498048 -0.506517792503782 
-0.35525208711624146 -0.036184411495923996 1.0413532257080078 0.5163387760407275 -0.4774596952747179 -0.501736205463375 -0.5036737911308775 
-0.3526354432106018 -0.028123343363404274 1.0375216007232666 0.5152484664227354 -0.4815551200149798 -0.5005195330839983 -0.502099473448991 
-0.350492924451828 -0.02044837176799774 1.0346121788024902 0.514457355254634 -0.4838438800410297 -0.5000107513420136 -0.5012164980461479 
-0.34862881898880005 -0.013190205208957195 1.032322883605957 0.5138984769201644 -0.48515261718237873 -0.4998236173528925 -0.5007111392774208 
-0.3469204008579254 -0.006360479164868593 1.0304597616195679 0.5135116420685435 -0.4859164135168654 -0.4997778727749196 -0.5004129399001899 
-0.36172083020210266 0.007624257821589708 1.0496582984924316 0.5658371677757953 -0.2684901050228973 -0.5510029135739202 -0.5514863119800084 
-0.3636375665664673 0.014325053431093693 1.0528104305267334 0.5380877634158261 -0.3859024906060691 -0.5299967686505386 -0.5297586731957998 
-0.36062222719192505 -0.011510168202221394 1.0486664772033691 0.5247099818755391 -0.438976844729008 -0.5154929563698276 -0.5159900935531913 
-0.35547125339508057 -0.0062573752366006374 1.0419892072677612 0.5191561172619507 -0.46299667208974743 -0.5074491268250615 -0.5085335694207388 
-0.3510911166667938 -0.0010499822674319148 1.0366218090057373 0.5169386641353946 -0.4741247193512545 -0.5033390584597539 -0.5046087199512672 
-0.36647823452949524 0.012877785600721836 1.0566520690917969 0.575683986659725 -0.20112006122531928 -0.5598113394802163 -0.5610257860969097 
-0.3688013255596161 0.019258497282862663 1.0603477954864502 0.5453612406581921 -0.3540505023922392 -0.5370647550969999 -0.5373926011550215 
-0.361190527677536 0.020743949338793755 1.051043152809143 0.5286208477753553 -0.4239524589808926 -0.5195154549166591 -0.5205074484808608 
-0.3533684015274048 0.02220200002193451 1.0417207479476929 0.5221295624506621 -0.4547002041890364 -0.5093369066675251 -0.5110815588845734 
-0.34959322214126587 0.005502492189407349 1.0372387170791626 0.5189376320283237 -0.4695158859185519 -0.5042547095741146 -0.5059503481640061 
-0.365565687417984 0.019260212779045105 1.0590263605117798 0.5876401589602813 0.02552414711197192 -0.5711430005030841 -0.5725584987297595 
-0.37688881158828735 -0.00042248694808222353 1.0738219022750854 0.564584750549863 -0.24728826701947457 -0.5561356346282537 -0.5574995321412238 
-0.37232619524002075 0.0036372081376612186 1.0674723386764526 0.5390399342482688 -0.37584123188174234 -0.5323904803193472 -0.5336100581591122 
-0.3627261221408844 0.005643902812153101 1.054727554321289 0.5270126737071645 -0.43236005522622106 -0.5161976634548555 -0.5185194274475668 
-0.3548678457736969 0.008372170850634575 1.0447204113006592 0.5219707728611317 -0.45806378324273367 -0.5074324312868479 -0.5101337181939902 
-0.37024372816085815 0.02134132944047451 1.065643072128296 0.5880116986445757 0.03317350558849727 -0.5701728546601555 -0.5727518455603436 
