0.5007966756820679 -0.6008230447769165 -0.027464333921670914 0.5239498116102033 -0.4787652897126904 -0.5004071673917544 -0.4958357178571518 
0.5230411887168884 -0.581674337387085 -0.04775552451610565 0.49854914781422066 -0.5002346843044211 0.49969883333815407 -0.5015127952436093 
0.5348412990570068 -0.5511000752449036 -0.062438685446977615 0.5740488066749424 -0.5754586360793913 -0.0012711350147894204 -0.582506403340337 
0.4947672188282013 -0.5065867304801941 -0.05971335992217064 0.5531335524043453 -0.5602195718602201 -0.2560797539000252 -0.5609103887001952 
0.5113774538040161 -0.46922793984413147 -0.0498269721865654 0.5250781091592944 -0.5426190361029501 -0.3766234641573587 -0.5366677996549786 
0.5309354662895203 -0.438211053609848 -0.02972535416483879 0.5112425548240506 -0.5262766189092345 -0.436763258504124 -0.5204823018579038 
0.5503448843955994 -0.4095917046070099 -0.032027166336774826 0.5042073823059384 -0.5157818359997512 -0.4676763370919272 -0.5109039606473973 
0.5701801776885986 -0.38251248002052307 -0.032654087990522385 0.5013005593867726 -0.509398936810583 -0.4826744655118828 -0.5061974246058302 
0.5903680920600891 -0.3564837574958801 -0.03288458287715912 0.5002934868411999 -0.5055851479166603 -0.4900663245315595 -0.5039097962835125 
0.567682683467865 -0.3335828483104706 -0.03435158357024193 0.5001198215223933 -0.503289698572147 -0.49372684481133017 -0.5028055748937315 
0.5446404814720154 -0.3259104788303375 -0.021842438727617264 0.5008107763612734 -0.5005816593540193 -0.4956712694502597 -0.5029081041704968 
0.5675260424613953 -0.30317479372024536 -0.029050156474113464 0.5006466492708348 -0.49981771266463054 -0.4973597254286002 -0.5021638081365185 
0.5451431274414062 -0.28054118156433105 -0.032648518681526184 0.5015502604332944 -0.4991372652451176 -0.49769304077034193 -0.5016083769951322 
0.5221230983734131 -0.2572069466114044 -0.02253212220966816 0.501534832792202 -0.4984522770696464 -0.49779030038722544 -0.5022080802023982 
0.4995005428791046 -0.24980275332927704 -0.024502243846654892 0.500986478006294 -0.4987571983179454 -0.4984613059117591 -0.5017869393374308 
0.4770173728466034 -0.27253463864326477 -0.03049592673778534 0.5008895474037387 -0.49866017899793874 -0.498579327315122 -0.5018628712680605 
0.45457184314727783 -0.2952582836151123 -0.033556003123521805 0.501472222381673 -0.49796200356552445 -0.4979923628606288 -0.5025565239026176 
0.4319479763507843 -0.28846725821495056 -0.027028318494558334 0.501932081276748 -0.49743802780197893 -0.49751862141599784 -0.5030852965710634 
0.40954598784446716 -0.2657243311405182 -0.03175114095211029 0.5014756157747898 -0.4978903694071281 -0.49798649669874895 -0.5026299194642474 
0.38486042618751526 -0.2450680136680603 -0.03795681521296501 0.501432564437338 -0.49788168177861547 -0.4980060982561429 -0.5026620538401377 
0.3601473271846771 -0.2699795663356781 -0.028055066242814064 0.5007861555066125 -0.49895653828123065 -0.4989230456107976 -0.5013296260124307 
0.335441529750824 -0.2449227124452591 -0.017639335244894028 0.5004704040221174 -0.4994991070867493 -0.49937710412563197 -0.5006520993590025 
0.3107319474220276 -0.26982444524765015 -0.043093644082546234 0.5003003904689587 -0.4997735534366019 -0.4996095201312657 -0.5003161420303825 
0.28601792454719543 -0.24475891888141632 -0.01857273280620575 0.5002422044490158 -0.49989906220872593 -0.49971472078621926 -0.5001438416299621 
0.26159369945526123 -0.21998299658298492 0.005322405137121677 0.5001862101228334 -0.4999755471694002 -0.4997798250313563 -0.5000583305247925 
0.23721729218959808 -0.19522471725940704 -0.005936575122177601 0.5002703512653507 -0.4998740728135896 -0.49977241512321385 -0.5000830131643214 
0.21307164430618286 -0.2207515835762024 0.017059829086065292 0.500366165923187 -0.49977620197585143 -0.49974156958987015 -0.5001157981525638 
0.19492694735527039 -0.2473946064710617 0.03871867060661316 0.5005141621246498 -0.4996212118292894 -0.49965264760800765 -0.5002114052490209 
0.18400059640407562 -0.2755955755710602 0.059279296547174454 0.5006049582550711 -0.4995712226500254 -0.4995006489603548 -0.5003222671024965 
0.18095284700393677 -0.2586098313331604 0.07865791022777557 0.5005876862382265 -0.49961040554793057 -0.49935161153175245 -0.5004491773552369 
0.1773347705602646 -0.2732509970664978 0.10012853890657425 0.5005406077298252 -0.49955829514924693 -0.49926106640892975 -0.5006385895326623 
0.17132388055324554 -0.29396089911460876 0.07715519517660141 0.500621895259278 -0.49949519356277283 -0.4991656243297132 -0.5007154372317918 
0.16072377562522888 -0.32949864864349365 0.09886884689331055 0.5007138942573033 -0.4993641179603884 -0.4993354831121094 -0.500584807097185 
0.14395584166049957 -0.3583519160747528 0.12119732797145844 0.5005972778218757 -0.49947350613141706 -0.49935240649135804 -0.5005754251273297 
0.1292562484741211 -0.3883496820926666 0.09507112950086594 0.500001394391659 -0.49977969273329986 -0.4992017866424612 -0.5010154094943384 
0.11377250403165817 -0.4126966893672943 0.11811503022909164 0.49946478568680097 -0.5002432307390362 -0.4989505471846724 -0.5013381986471062 
0.1037970557808876 -0.4052604138851166 0.1367861032485962 0.49908040780294777 -0.5005830496109295 -0.4990387792591899 -0.501293979402269 
0.0869983360171318 -0.4315932095050812 0.1485820710659027 0.49854729516126733 -0.5012713089491332 -0.4987791790651958 -0.5013950536681195 
0.0635320320725441 -0.4558955430984497 0.1712985634803772 0.49822711454933744 -0.5017676603714987 -0.4994511905467931 -0.5005471662036906 
0.03823569789528847 -0.44132712483406067 0.1933966875076294 0.4988255111043905 -0.5012385243986518 -0.4997454308451174 -0.500187520315665 
0.013529125601053238 -0.4289204180240631 0.21686410903930664 0.4993288217396002 -0.5009083113652714 -0.49982946049850335 -0.49993209719231896 
-0.00942926574498415 -0.44877302646636963 0.23714575171470642 0.4996460437123326 -0.500750414286779 -0.4996787028217184 -0.49992404177098543 
-0.032185450196266174 -0.4238068163394928 0.25724563002586365 0.49949900013538767 -0.5011392067804002 -0.4999261653742725 -0.4994337528295767 
-0.05460814759135246 -0.4266911745071411 0.2759442627429962 0.49960285331269066 -0.5012497322485362 -0.49979276292239505 -0.4993524697175207 
-0.07690715044736862 -0.4019031226634979 0.2942623794078827 0.4996323211231473 -0.501494781825617 -0.4998069090848065 -0.4990627025954403 
-0.10023313015699387 -0.38106855750083923 0.31188061833381653 0.4997926356527723 -0.5015920327226255 -0.4995658934217624 -0.4990457616152613 
-0.12465298920869827 -0.36345380544662476 0.32877957820892334 0.5000090063891635 -0.5016129548287543 -0.4993323314231583 -0.49904174161406695 
-0.1497974693775177 -0.3477747142314911 0.3451029360294342 0.5002509794975059 -0.5016473937965099 -0.49908986544149453 -0.4990071703117563 
-0.17586131393909454 -0.3318832516670227 0.3611364960670471 0.5004812096828238 -0.5017561047941387 -0.4987649249859329 -0.4989919034012549 
-0.19856733083724976 -0.31147822737693787 0.37734100222587585 0.5007021834520519 -0.5019209105236683 -0.49835271825384303 -0.4990163236552943 
-0.22169575095176697 -0.29189786314964294 0.3936275541782379 0.5006488744978911 -0.5023573511986018 -0.49757845284567376 -0.4994031231624662 
-0.24529092013835907 -0.2729558050632477 0.4100716710090637 0.5006267242133894 -0.5027694007875056 -0.4968820262962627 -0.4997039769492171 
-0.27002424001693726 -0.25231319665908813 0.42652657628059387 0.5006358863573862 -0.5031879286000245 -0.4962321110391669 -0.49991930326401945 
-0.2954283356666565 -0.23024041950702667 0.4428674578666687 0.5012438963335778 -0.5033583308289828 -0.4958918328305667 -0.49947596269023314 
-0.3210718631744385 -0.20734791457653046 0.45921194553375244 0.5019065038746897 -0.5033056375415064 -0.4956182850655226 -0.49913506398161867 
-0.3530125617980957 -0.17606961727142334 0.4733991026878357 0.5815663583689168 -0.00368008921451293 -0.573197573473333 -0.5772448090032277 
-0.37985822558403015 -0.14639927446842194 0.4885082542896271 0.5625087732544147 -0.2623118958489171 -0.5529039414427621 -0.5559438648326097 
-0.40572357177734375 -0.11972205340862274 0.5044430494308472 0.5387968473201993 -0.38469283658947345 -0.5280824100582967 -0.5318254854570056 
-0.43026623129844666 -0.09367167949676514 0.5204758048057556 0.5237376205456501 -0.4439206641668936 -0.5120519894262369 -0.5161744945998763 
-0.45401594042778015 -0.0679008886218071 0.5364521145820618 0.5154438287084726 -0.4727887349974074 -0.5033284036446963 -0.5073943137150668 
-0.4775942862033844 -0.04232974350452423 0.5524629950523376 0.5112465884609193 -0.48695246228935624 -0.498771903692044 -0.5027233964565595 
-0.5009331703186035 -0.01689171977341175 0.5684328079223633 0.5092234009873629 -0.4939654717278207 -0.49635667158174096 -0.5003195930641442 
-0.5239697694778442 0.008416702970862389 0.5843024253845215 0.50836648185616 -0.49741281413035165 -0.4950310504084188 -0.49908743882775936 
-0.5461717844009399 0.03315725550055504 0.5999745726585388 0.5081232269956045 -0.49907617918558767 -0.4942478616973874 -0.4984504035153837 
-0.5649809241294861 0.05514940991997719 0.6150652766227722 0.5082796618716292 -0.49977065355926453 -0.4937744181491931 -0.4980641556567125 
-0.5702574849128723 0.06541601568460464 0.6281289458274841 0.5090659487362293 -0.4995731487766525 -0.49364821848748686 -0.49758412880918307 
-0.5726703405380249 0.06497109681367874 0.6402440071105957 0.5116070923084305 -0.49745000350484925 -0.49472357642319276 -0.49603453513216583 
-0.5903233289718628 0.03597497567534447 0.6627426743507385 0.5911876476229798 0.0047090023949600615 -0.5705165693143159 -0.5700752886525386 
-0.6085127592086792 0.037286560982465744 0.6748787760734558 0.5567641132314509 -0.2689495540817905 -0.5609392980301837 -0.5504788492777966 
-0.6249547004699707 0.023795468732714653 0.687606692314148 0.5397246195970223 -0.3849568970002633 -0.5301982505923724 -0.5285786010817751 
-0.6153037548065186 0.02847680076956749 0.6940688490867615 0.5269502578089442 -0.4426519986252608 -0.5121918638250529 -0.5138502977906775 
-0.6044729948043823 0.031908173114061356 0.6997004151344299 0.5231978905985114 -0.467074016942025 -0.5047021162086949 -0.5033702453119118 
-0.5954806208610535 0.036018818616867065 0.7054170966148376 0.5214542027973638 -0.47889046081557995 -0.5009419792420702 -0.49780174201969696 
-0.5952480435371399 0.022081639617681503 0.7129822969436646 0.5203635240440556 -0.48498809389010433 -0.4988568732964395 -0.49512641981032995 
-0.5992592573165894 0.035303644835948944 0.7216678261756897 0.5337070034472501 -0.4409237096042858 -0.5116216643084406 -0.5089070537833148 
-0.5906710028648376 0.039614155888557434 0.7263115048408508 0.5249126280183889 -0.4682218598250806 -0.503013404190529 -0.5022076643515379 
-0.6049338579177856 0.06055004522204399 0.736882746219635 0.560049010212463 -0.3382546450227623 -0.53586421151651 -0.5336463698896065 
-0.5923346877098083 0.05964984744787216 0.7402401566505432 0.5392619816139652 -0.41932616549020185 -0.515162010367789 -0.5176583672605723 
-0.6055418848991394 0.03476236015558243 0.7681993246078491 0.594553829632413 0.05120420002978417 -0.5675424973035113 -0.567256015678314 
-0.6188709735870361 0.05939403921365738 0.7745391726493835 0.5628131344208632 -0.24488420893248397 -0.5651918550919239 -0.5512089140032341 
-0.6150530576705933 0.025591623038053513 0.7776245474815369 0.5453042108138562 -0.3727536668794115 -0.5313408853294596 -0.5304478155991751 
-0.5983834862709045 0.027308613061904907 0.7758780717849731 0.5331566977352572 -0.43376181606540876 -0.5132623834260828 -0.5139614269023026 
-0.5851239562034607 0.03058256022632122 0.7751734852790833 0.5281025053344277 -0.4613011369330335 -0.5047118528626897 -0.5035622608016831 
-0.6010509729385376 0.052963048219680786 0.7843464612960815 0.5633795143102374 -0.32950052959472076 -0.536800399140813 -0.5346758413605608 
-0.5861713886260986 0.05227920785546303 0.783405601978302 0.5413352418705406 -0.41546326959133273 -0.5149864613087477 -0.5187825866373471 
-0.6063433289527893 0.04273281991481781 0.8077555894851685 0.595327736635203 -0.06475054068298483 -0.5657100711464964 -0.5668900853582586 
-0.6064290404319763 0.05351684242486954 0.8092990517616272 0.5568630808158088 -0.3002940296374889 -0.5505320820627208 -0.5446479887120584 
-0.5926580429077148 0.050457414239645004 0.8068356513977051 0.5469877062142962 -0.3724855608487046 -0.5297553317153643 -0.5304886848263526 
-0.575545072555542 0.04911081865429878 0.8028473854064941 0.5354905507472864 -0.4320996579786913 -0.512501703200591 -0.5136942279718153 
-0.5629323720932007 0.05048922449350357 0.8005347847938538 0.5295620759500719 -0.460288114750549 -0.5039119288670993 -0.5037575082123096 
-0.5551847219467163 0.050173934549093246 0.8000672459602356 0.5258567143012649 -0.47475990484498987 -0.49938472562169267 -0.4986909309297701 
-0.5483338832855225 0.05473465844988823 0.7999260425567627 0.52325551561904 -0.48267499828181776 -0.49685374035997 -0.4963515609910053 
-0.5426309108734131 0.05949680507183075 0.8002341389656067 0.5218267870269397 -0.48672065347763843 -0.4955506696431282 -0.4952063646962635 
-0.5377055406570435 0.06424595415592194 0.8008385300636292 0.5209419324106832 -0.48890274202992 -0.49482163165449805 -0.494717257368923 
-0.5332995653152466 0.06884147971868515 0.8016285300254822 0.5203868378577403 -0.4901003424280896 -0.49439248290836 -0.4945455147708836 
-0.5292604565620422 0.0732124075293541 0.8025364279747009 0.5200373209283206 -0.4907665415822515 -0.4941243506822881 -0.4945204875107789 
-0.5254994630813599 0.07732957601547241 0.8035205006599426 0.51981469259334 -0.49114376013146593 -0.4939438864737682 -0.49456033935527594 
-0.5219639539718628 0.08118710666894913 0.8045543432235718 0.5196696129482243 -0.49136305987275847 -0.493811871005554 -0.49462680156327665 
-0.5186217427253723 0.08479153364896774 0.8056203722953796 0.5195717340775521 -0.4914956148293566 -0.49370718551513093 -0.4947024244148055 
-0.5307053923606873 0.10279807448387146 0.8137638568878174 0.5827647660730273 -0.2138005915201848 -0.5537284282712044 -0.5550309560860284 
