0.5007966756820679 -0.6008230447769165 -0.027464333921670914 0.5878811117025401 0.02385482163614098 -0.5713512667025715 -0.5721752144452436 
0.5278518795967102 -0.5814843773841858 -0.04776229336857796 0.49854914781422066 -0.5002346843044211 0.49969883333815407 -0.5015127952436093 
0.5405934453010559 -0.5507771968841553 -0.06119781360030174 0.5740733661501394 -0.5754158956103474 -0.0013209448456961157 -0.5825243106177668 
0.5264540910720825 -0.5034300684928894 -0.05634230747818947 0.5529155051192982 -0.560353810822361 -0.25626068441627015 -0.5609086489955687 
0.5406480431556702 -0.4635254144668579 -0.04639724642038345 0.5246011374671133 -0.5442249104186786 -0.37712115411427677 -0.5351565458513128 
0.5570113062858582 -0.429995596408844 -0.0397547110915184 0.5098809790851294 -0.5281578154124953 -0.4368709878406623 -0.5198215551215767 
0.5747750401496887 -0.3999246656894684 -0.035866137593984604 0.5031479404762684 -0.51727722867038 -0.46678825634154125 -0.5112486111816875 
0.5933924317359924 -0.3718625009059906 -0.033812832087278366 0.5003485468944604 -0.510597821751812 -0.48188335394785675 -0.5066849407974068 
0.5701422095298767 -0.34811919927597046 -0.03348943218588829 0.4993898026006269 -0.5066060269447207 -0.48952638991235076 -0.504305534474066 
0.571776807308197 -0.32538118958473206 -0.03476153314113617 0.5000736143937702 -0.5026249061750281 -0.49361962380260077 -0.50362113823456 
0.5718417763710022 -0.30280378460884094 -0.03552032262086868 0.501209676580554 -0.5002303594767966 -0.495539449721315 -0.5029901602711802 
0.5629369616508484 -0.32636380195617676 -0.01938093826174736 0.5018657030674559 -0.4989072935673101 -0.49646654343848606 -0.5027358150720834 
0.5404846668243408 -0.3036462664604187 -0.027969103306531906 0.5013610692661994 -0.49899798240340026 -0.4977133029530335 -0.5019158892136919 
0.5180842280387878 -0.2809745669364929 -0.0321289598941803 0.5011672141789099 -0.4986599694834867 -0.49808971981110023 -0.5020719961174677 
0.4956987202167511 -0.2583025395870209 -0.03419126942753792 0.5013144749472978 -0.49823478552801537 -0.4980255640852384 -0.502410622116758 
0.47101545333862305 -0.23328278958797455 -0.009654013440012932 0.5015068003985154 -0.4978973506981779 -0.4978712516610566 -0.5027060513771764 
0.4478994607925415 -0.2566148638725281 -0.02345964126288891 0.5008096082919278 -0.49896710719424164 -0.4988618158398863 -0.501356610485618 
0.4254596531391144 -0.25999876856803894 -0.02995375730097294 0.5010225655587274 -0.498641083296025 -0.4986252669061824 -0.5017034004798608 
0.4079734683036804 -0.23726454377174377 -0.03351200744509697 0.501333666570211 -0.4981455861214009 -0.49821317872339943 -0.5022938963767735 
0.3832542598247528 -0.2621743083000183 -0.05896758288145065 0.5015501625099191 -0.4979907834352419 -0.49802288897166586 -0.5024199599539648 
0.3585416078567505 -0.2526378035545349 -0.08444513380527496 0.5008723100073363 -0.49900857736228843 -0.49891980420395565 -0.5011949698070269 
0.3338158130645752 -0.2632824778556824 -0.09207114577293396 0.500519126048941 -0.49952032268061725 -0.4993723164031897 -0.5005869967332041 
0.3090813159942627 -0.23822219669818878 -0.06757032126188278 0.5003412208846865 -0.499779206419036 -0.499598884461928 -0.5002802836002804 
0.28435012698173523 -0.2631179094314575 -0.044270943850278854 0.5002329334868273 -0.49991646870335815 -0.49972427368314637 -0.5001261709470719 
0.2596335709095001 -0.2674800455570221 -0.031171292066574097 0.5001932436487351 -0.4999797909091382 -0.49978094964208 -0.500045927956095 
0.2349231243133545 -0.24240534007549286 -0.03944399952888489 0.5001726114902844 -0.5000105504925054 -0.4998092640820542 -0.5000075075925622 
0.2102116346359253 -0.2673114836215973 -0.014961808919906616 0.5001669313204044 -0.5000226498647218 -0.4998240569357407 -0.49998630235646396 
0.18561938405036926 -0.2925095558166504 0.004196829628199339 0.5001670037136134 -0.5000202929814334 -0.4998277402032186 -0.49998490489838965 
0.16306237876415253 -0.3191646933555603 0.02497759275138378 0.5002181210406761 -0.4999379208490882 -0.4997922113331723 -0.5000516495026528 
0.1450873464345932 -0.3499983251094818 0.04192231222987175 0.500239093863687 -0.49979707695902675 -0.49980806227700497 -0.5001556075028608 
0.13531681895256042 -0.3496459424495697 0.051374513655900955 0.4997433375036765 -0.5001983799564546 -0.4998858985043881 -0.5001722361208042 
0.1305253505706787 -0.3469492793083191 0.05590028688311577 0.4989349814339416 -0.5007767381989389 -0.5000855790161807 -0.5002009160731269 
0.11693573743104935 -0.3444998860359192 0.041958246380090714 0.49819832475394177 -0.501252383056999 -0.5003416681608847 -0.5002026517263066 
0.10392316430807114 -0.3498302102088928 0.04163197800517082 0.49793940063821307 -0.5013653509648155 -0.5008575931371849 -0.4998307809057089 
0.08532910794019699 -0.38207149505615234 0.04039430990815163 0.4975940348975127 -0.501794716818296 -0.5011182972185279 -0.49948242291442296 
0.06264330446720123 -0.4155990481376648 0.05216832831501961 0.49769363896054897 -0.5021156137626236 -0.5009049925194526 -0.49927461443886556 
0.040824372321367264 -0.4040852189064026 0.057415593415498734 0.4980328902182241 -0.502085063829249 -0.5009780281459141 -0.49889362017918515 
0.016277356073260307 -0.3957398533821106 0.060872673988342285 0.497792027847959 -0.5025445003722006 -0.5013114275799645 -0.49833620652568494 
-0.01232058834284544 -0.41014134883880615 0.07283671200275421 0.4978326404548075 -0.5029051062029654 -0.5015067092710925 -0.4977350066138189 
-0.03559926152229309 -0.4262998700141907 0.09686565399169922 0.498650125972049 -0.5022828499547746 -0.5013613568765195 -0.4976914509415494 
-0.05875292047858238 -0.41192424297332764 0.12022861838340759 0.49950252126218275 -0.501529495408552 -0.5001924006531088 -0.4987714494804668 
-0.08166304975748062 -0.4101872742176056 0.1432877480983734 0.4999775584080231 -0.5011580464171488 -0.4994630648984349 -0.4993993396090553 
-0.10446297377347946 -0.39648374915122986 0.16584576666355133 0.5002119555647873 -0.5010358406872445 -0.4989896818931055 -0.4997603257773622 
-0.12726017832756042 -0.37458640336990356 0.18776972591876984 0.5003367288824734 -0.5010243589350571 -0.49862539773661224 -0.5000104621074511 
-0.1506965160369873 -0.35717013478279114 0.20900313556194305 0.5004226040437529 -0.501072987746934 -0.4982937162884044 -0.5002064080156524 
-0.17553332448005676 -0.33937686681747437 0.2296375185251236 0.5005012604590338 -0.5011562997382317 -0.498033547379317 -0.5003033451780787 
-0.19833336770534515 -0.31837722659111023 0.24969691038131714 0.5006295015253787 -0.5012334885363223 -0.4978369332621479 -0.5002933939722761 
-0.22141246497631073 -0.2973287105560303 0.2689335346221924 0.5006394031387539 -0.5015012865407882 -0.49743324458157295 -0.5004166412179512 
-0.24501432478427887 -0.2758495509624481 0.2874336838722229 0.5007834739557031 -0.5017585678702065 -0.4970597976008154 -0.5003856606565917 
-0.2691302001476288 -0.2537933588027954 0.30544313788414 0.5010792686076873 -0.5019708408043155 -0.4967400668452904 -0.5001941098656902 
-0.29364636540412903 -0.2311895340681076 0.3231635093688965 0.5014756089557313 -0.5021169829026811 -0.49646001572076287 -0.49992819673801836 
-0.31852012872695923 -0.20643916726112366 0.3396696448326111 0.5381515961811852 -0.3746355211123564 -0.5320225845719614 -0.5357173278454656 
-0.34454596042633057 -0.17442819476127625 0.3566911816596985 0.5795475110764713 -0.07869585306592584 -0.5716066699581802 -0.5754975759936906 
-0.3710668683052063 -0.1397879272699356 0.3780018985271454 0.5831146633940788 0.013803758632846195 -0.5729667444748324 -0.5757567674880848 
-0.3965572714805603 -0.1593664288520813 0.39489156007766724 0.573833022577967 -0.18502984236142553 -0.56404793949433 -0.5642070024263625 
-0.42109954357147217 -0.1583484560251236 0.4117715358734131 0.5481043642020363 -0.34743210852281187 -0.5372216589807964 -0.5387628653053171 
-0.4446299076080322 -0.13224413990974426 0.42890113592147827 0.5288652296933196 -0.4258532234247963 -0.5179795893926387 -0.5202381626647322 
-0.4675147533416748 -0.10644613951444626 0.4460510313510895 0.5177914452145663 -0.4639575015181023 -0.5070423074321283 -0.5094541731319847 
-0.49031028151512146 -0.12712253630161285 0.46319475769996643 0.5120068487840655 -0.48265204872590134 -0.5012442703284208 -0.5036369407835672 
-0.513030469417572 -0.1016659140586853 0.48029083013534546 0.5089264990131445 -0.4921568251108118 -0.4982560564304138 -0.5005161139558665 
-0.5355942845344543 -0.07625027745962143 0.49730774760246277 0.5075293902248625 -0.4968349715101428 -0.49665641448161685 -0.4989001253725634 
-0.5579326152801514 -0.050882987678050995 0.514213502407074 0.5070197326264624 -0.4991064383488195 -0.4957439664305085 -0.49805790192897625 
-0.5799742937088013 -0.025590680539608 0.5309727787971497 0.5069717874654307 -0.5001716378987584 -0.49517314409030516 -0.497605764363217 
-0.5995787382125854 -0.0017479764064773917 0.5474491119384766 0.5108273800401146 -0.48966358758506057 -0.4983418513226301 -0.5009394754009845 
-0.611653745174408 0.016736535355448723 0.5630924701690674 0.5097141671712715 -0.49494525506327275 -0.4964178076328843 -0.49878855494107915 
-0.6123959422111511 0.026634708046913147 0.5771209597587585 0.5104435119161914 -0.49642842426616196 -0.4960183695785196 -0.49696279313842767 
-0.6096928715705872 0.03351099416613579 0.5902242660522461 0.5125967367192061 -0.49549233199339765 -0.49673609026095594 -0.49495978732905666 
-0.6202391386032104 0.001898232032544911 0.6044705510139465 0.5142498263001487 -0.49449100947978275 -0.49729022179562377 -0.4936883561523317 
-0.6188938021659851 0.012229091487824917 0.6163545846939087 0.5131325176743817 -0.4960515917791265 -0.4963046384072134 -0.49427678834235206 
-0.630494236946106 0.006491117645055056 0.6300830245018005 0.529361383746174 -0.44788347649764787 -0.5112096245609482 -0.50778109125387 
-0.6246012449264526 0.014295422472059727 0.6401194930076599 0.5210041327700249 -0.4730009650539538 -0.5030345836908143 -0.5017778276344937 
-0.6199373006820679 0.012514431029558182 0.6498069763183594 0.5191728103872151 -0.4827997115174357 -0.5003493916422073 -0.4970055510722136 
-0.6214185953140259 -0.003150482662022114 0.6601934432983398 0.5181511094221011 -0.48783069413176 -0.49880424487602365 -0.49470695058916536 
-0.6162882447242737 0.006170317996293306 0.6686161756515503 0.5167783931893114 -0.491297523199692 -0.49747062626954924 -0.4940544626147042 
-0.6102170944213867 0.014171724207699299 0.6764523983001709 0.5171687469805865 -0.49195317713599596 -0.49727738494013457 -0.49318734886392884 
-0.6040786504745483 0.02142101153731346 0.6839327812194824 0.5175742258036028 -0.49208806229641916 -0.4971621092778742 -0.4927434391521941 
-0.598044216632843 0.028079913929104805 0.6911099553108215 0.5178494253813406 -0.4920996988200794 -0.49701959933309287 -0.4925864157000011 
-0.5921670794487 0.034233950078487396 0.6980051398277283 0.5180303940741009 -0.49207801219115027 -0.4968551039710201 -0.49258374556148826 
-0.586469829082489 0.039944566786289215 0.7046312689781189 0.5181537515107113 -0.49204977830765567 -0.49667974683774424 -0.4926590449225076 
-0.6058687567710876 0.021349575370550156 0.7294378876686096 0.5952574539493056 0.009293972955501308 -0.5702846590928009 -0.5660014074080564 
-0.621482253074646 0.04686436057090759 0.7386227250099182 0.5602174054651845 -0.26571048271182585 -0.5607836694404245 -0.5487039949552386 
-0.6130964756011963 0.042667075991630554 0.7427508234977722 0.542017391191909 -0.38346085083730336 -0.5294712416333275 -0.5280484142613358 
-0.5976507067680359 0.042421855032444 0.7442532181739807 0.5315689933098062 -0.4383302645791923 -0.5129509374925614 -0.5120374207331304 
-0.5853937864303589 0.04405111446976662 0.7463741898536682 0.5267357812931812 -0.46389784654380767 -0.5048635098081806 -0.5024550140476707 
-0.576065182685852 0.0472070649266243 0.7491670846939087 0.5238356188901522 -0.47689584280737035 -0.5005541419900041 -0.49760642121225673 
-0.5686255097389221 0.051159828901290894 0.7523517608642578 0.5219838894343632 -0.4837438637284151 -0.49817536223395986 -0.49532413825609384 
-0.5623627305030823 0.055436067283153534 0.7557200193405151 0.5208124622134471 -0.48740758909650794 -0.496826146341822 -0.49431973620869224 
-0.5568539500236511 0.059766821563243866 0.7591447830200195 0.5200856474207232 -0.48938533605270274 -0.4960325318042579 -0.49392776758895474 
-0.5518545508384705 0.06400685012340546 0.7625520825386047 0.5196425885401872 -0.4904608794549879 -0.49554077569539495 -0.4938208637985034 
-0.5573817491531372 0.043914154171943665 0.7691357135772705 0.5193765303880672 -0.49105055430360256 -0.4952144222641327 -0.49384212941159555 
-0.5543545484542847 0.05106367543339729 0.7723831534385681 0.5176015363530505 -0.49310353331580403 -0.49426701373479237 -0.4946086070117686 
-0.5502970218658447 0.05692203342914581 0.7751220464706421 0.5181473599360265 -0.4926591389332063 -0.49438272069213496 -0.4943642500201243 
-0.5461145043373108 0.06214529275894165 0.7776958346366882 0.5186117879449328 -0.49224436673131045 -0.4944607863834237 -0.494212330435955 
-0.5419816970825195 0.06689947098493576 0.7801690101623535 0.5188861537384072 -0.4919964195646525 -0.4944601916762887 -0.4941718339217367 
-0.5528802871704102 0.03432207927107811 0.7878596186637878 0.5190372410683128 -0.49186068509683917 -0.4944122220437046 -0.4941962803725548 
-0.5756787061691284 0.02673683688044548 0.8140912055969238 0.5943735526599251 0.006536201179095986 -0.5675670742555787 -0.5696884887318051 
-0.590474009513855 0.05246252194046974 0.8180191516876221 0.5615470619688132 -0.26540611437138656 -0.5579586977840051 -0.5503694969887536 
-0.5802067518234253 0.05505095049738884 0.816051721572876 0.5432540765868098 -0.3828602828561189 -0.527052173128063 -0.5296310214518514 
-0.564922034740448 0.05431995540857315 0.8119357824325562 0.5331284396553969 -0.4375361348936337 -0.5106938349248618 -0.513349787632838 
-0.5535561442375183 0.055924370884895325 0.809377908706665 0.5282059027693651 -0.46315003748441613 -0.5027364750151585 -0.5037326709149575 
