0.5007966756820679 -0.6008230447769165 -0.027464333921670914 0.558781649023417 -0.2675641918304207 -0.5549948396622025 -0.5551154834024458 
0.5278518795967102 -0.5814843773841858 -0.04776229336857796 0.49854914781422066 -0.5002346843044211 0.49969883333815407 -0.5015127952436093 
0.5405934453010559 -0.5507771968841553 -0.06119781360030174 0.5740733661501394 -0.5754158956103474 -0.0013209448456961157 -0.5825243106177668 
0.5458754897117615 -0.49920666217803955 -0.053113292902708054 0.5529155051192982 -0.560353810822361 -0.25626068441627015 -0.5609086489955687 
0.5584359765052795 -0.4580754041671753 -0.04392358660697937 0.5235253725490627 -0.5452682252977012 -0.37686375945933204 -0.5353292945321032 
0.5737169981002808 -0.42383694648742676 -0.03791875019669533 0.5087132164542386 -0.5293088987692156 -0.43672162012421856 -0.519920358905651 
0.5905895233154297 -0.3931703567504883 -0.03444531559944153 0.5021195703403524 -0.5182861219935172 -0.4667261442942978 -0.5112945717121581 
0.5917500257492065 -0.36636754870414734 -0.00857677310705185 0.49945017705866857 -0.5114714810017494 -0.48186519570163266 -0.5067073888639964 
0.6164534687995911 -0.34079891443252563 0.01647958531975746 0.499035473702002 -0.5065598415869346 -0.49079382752711986 -0.5034701001447038 
0.6335525512695312 -0.31458327174186707 -0.007843405939638615 0.49930716621602195 -0.5035715717252307 -0.49527613778057616 -0.501806310503029 
0.6104896068572998 -0.2983035147190094 -0.022342782467603683 0.49912425501589985 -0.5023754009933937 -0.49750659998361624 -0.5009801567969453 
0.6328495144844055 -0.27510547637939453 -0.02881278470158577 0.49985800303246025 -0.5006600250246659 -0.49822999604748813 -0.5012468325937052 
0.6081978678703308 -0.250138521194458 -0.004263602662831545 0.5008916194557487 -0.49983015585052176 -0.4981026095762408 -0.5011698227096079 
0.5848203301429749 -0.27386751770973206 -0.020844152197241783 0.5004960815166957 -0.4999337755036181 -0.4989734280313237 -0.5005950565235344 
0.5908845067024231 -0.2504217326641083 -0.0179021917283535 0.5007197468713547 -0.499317173633087 -0.4988616684143854 -0.5010979255544451 
0.6162342429161072 -0.22546178102493286 -0.009484557434916496 0.5006620838482583 -0.499497859035792 -0.49917208506059496 -0.5006661523526811 
0.6395493745803833 -0.239557147026062 -0.02309001050889492 0.5004231212892251 -0.49975190532702635 -0.49949242890223516 -0.500331936088935 
0.6326466798782349 -0.2169932872056961 -0.02965039201080799 0.5012280887858899 -0.49924197199490455 -0.4988517418685788 -0.5006743413091668 
0.6103549599647522 -0.19441549479961395 -0.03293624892830849 0.5014523211089215 -0.4987015551159337 -0.49851113619274373 -0.5013272141737811 
0.607410728931427 -0.217155322432518 -0.03472020849585533 0.501518189291832 -0.4981849203020997 -0.4981975249334747 -0.5020861650585412 
0.618744432926178 -0.1945360004901886 -0.0356200709939003 0.5023564265270298 -0.4975066775331802 -0.4974871727393157 -0.5026247501832073 
0.5992774963378906 -0.17167805135250092 -0.029085300862789154 0.502661094939406 -0.49754189213387 -0.4974134145797695 -0.5023582229866059 
0.5746865272521973 -0.1966329962015152 -0.01133223157376051 0.5019041775310056 -0.49789974568283096 -0.4979221637822332 -0.5022564669970075 
0.5500761866569519 -0.2216002196073532 0.01316880714148283 0.5010359859865067 -0.49893331445130273 -0.4989058492868342 -0.5011201872051746 
0.5254636406898499 -0.2465723603963852 0.037686679512262344 0.5005932920765402 -0.4994620374171803 -0.49939687725002124 -0.50054648944926 
0.5008581280708313 -0.2399810254573822 0.012213140726089478 0.5003670621469343 -0.4997329012864304 -0.4996410613120629 -0.5002585734810036 
0.4762207865715027 -0.23128116130828857 0.036732058972120285 0.5002574996391806 -0.4998620882124699 -0.4997583286417537 -0.5001219249101414 
0.4515811800956726 -0.2562330365180969 0.06127056106925011 0.500181109516893 -0.49993839260793765 -0.499821717576944 -0.5000587084707907 
0.42694544792175293 -0.28118616342544556 0.035820767283439636 0.5001495835474287 -0.4999858095874618 -0.4998491663270984 -0.5000153949736037 
0.4022880792617798 -0.3061445653438568 0.0565095916390419 0.5001503318395751 -0.5000067292312975 -0.49985265097845094 -0.4999902434988088 
0.37763503193855286 -0.331105500459671 0.031064366921782494 0.5001357190061065 -0.5000277547467983 -0.4998534524824718 -0.49998303281058837 
0.35296642780303955 -0.3371990919113159 0.05560765415430069 0.5001449170676078 -0.5000347720011977 -0.4998426052029119 -0.49997765824595836 
0.32830581068992615 -0.3403869569301605 0.08016382157802582 0.500128002224001 -0.5000457062062155 -0.4998420630656924 -0.4999841848362702 
0.3042624294757843 -0.316124826669693 0.10399928689002991 0.5001178594503645 -0.5000520492254374 -0.4998405803679879 -0.4999894688307136 
0.2803278863430023 -0.34209904074668884 0.12777042388916016 0.5002653394876416 -0.4998705443410898 -0.4998214797036619 -0.5000425156267205 
0.2861146926879883 -0.3185642659664154 0.1512371003627777 0.50041491698212 -0.4998009863738567 -0.4997819855005176 -0.5000018518472292 
0.26277822256088257 -0.33648595213890076 0.17471586167812347 0.5005916472243358 -0.49963100581301895 -0.4997411864185624 -0.5000356060886715 
0.2399030178785324 -0.3139755427837372 0.1978854238986969 0.5006883656334478 -0.4995021989115965 -0.4997211830947628 -0.5000874453214733 
0.21734578907489777 -0.29386666417121887 0.22094812989234924 0.5008305095538615 -0.49935151488886514 -0.49969353337862554 -0.5001232227939427 
0.1946161389350891 -0.3159383535385132 0.24445495009422302 0.5009600688216346 -0.49921631136066946 -0.4996769802861393 -0.5001449782710963 
0.17158614099025726 -0.34442993998527527 0.2685084939002991 0.500966531801839 -0.49921829760161457 -0.49967318087996726 -0.5001403179743442 
0.15609246492385864 -0.3272680938243866 0.2921631336212158 0.5008729112560228 -0.4993247172248854 -0.4996705301507057 -0.5001304978074396 
0.1408899426460266 -0.3581027686595917 0.31677982211112976 0.5001766457109361 -0.4995150431170288 -0.49976035249677214 -0.5005473352815415 
0.12892603874206543 -0.3842233121395111 0.34008389711380005 0.49924439515402375 -0.49972335989238237 -0.49987127463549774 -0.5011589630840143 
0.11934740841388702 -0.4129871428012848 0.3608369827270508 0.49788531853991347 -0.5003049199047683 -0.5003445409338383 -0.5014584100991816 
0.11763148754835129 -0.39854979515075684 0.38300108909606934 0.4969679521688124 -0.5009800337363864 -0.500627085293642 -0.5014123869481273 
0.1202068030834198 -0.3867662847042084 0.404685378074646 0.49628256647805274 -0.501154739393437 -0.500910835026248 -0.5016332093739014 
0.12735126912593842 -0.3689119219779968 0.42110782861709595 0.49694225150630744 -0.500475040381215 -0.5014225632045395 -0.5011472295969047 
0.12630458176136017 -0.39681196212768555 0.4434344470500946 0.4988887713340766 -0.4981382339292757 -0.5019635515361961 -0.5009998868899737 
0.11939486116170883 -0.4177263081073761 0.4737575054168701 0.5466822972566029 -0.31815856004853066 -0.5488335715828212 -0.5465302436624466 
0.11269526183605194 -0.39479196071624756 0.5040120482444763 0.5245329627779045 -0.4117806245073308 -0.5261989369983002 -0.5276519373049293 
0.09502416104078293 -0.37860777974128723 0.5476319789886475 0.5112082223729312 -0.45630100214495745 -0.5141003464859372 -0.5159034624451116 
0.07331360131502151 -0.36610686779022217 0.5782062411308289 0.50558065085417 -0.47770743154909395 -0.5073034635996004 -0.5087504409280552 
0.05093483254313469 -0.3534720540046692 0.6087316870689392 0.5020191530341487 -0.48949919349139814 -0.5047810077180692 -0.5035508353734282 
0.02681202068924904 -0.34364980459213257 0.6359439492225647 0.5000275111413895 -0.49550950572524766 -0.5034103683597325 -0.501019778916548 
0.0008968046749942005 -0.33848023414611816 0.6584986448287964 0.4990518069163064 -0.4987489231491953 -0.5027066355048321 -0.4994825765634871 
-0.028219178318977356 -0.3336905241012573 0.6800511479377747 0.49852240203879217 -0.5003941809181968 -0.5024756059016756 -0.4985973764897122 
-0.06004782021045685 -0.3266407251358032 0.7028707265853882 0.4985653557995577 -0.5008822247956183 -0.5023887470139947 -0.49815171359131205 
-0.09233422577381134 -0.31595346331596375 0.7278714179992676 0.498945614326632 -0.5007659525934005 -0.5022622761698967 -0.49801540197475663 
-0.12298014760017395 -0.30102312564849854 0.7549444437026978 0.49932672212440593 -0.5005125866108253 -0.5020499888670088 -0.4981021821828068 
-0.14775949716567993 -0.29026374220848083 0.7799138426780701 0.49966336544901724 -0.5004576155023418 -0.5016400619531172 -0.49823282163818267 
-0.1719229519367218 -0.2660864293575287 0.805004358291626 0.4999328866286202 -0.5001472758844685 -0.5008731564430252 -0.49904498038485623 
-0.1955825686454773 -0.24242819845676422 0.8302100300788879 0.5001021265968277 -0.49996637305081604 -0.5005529942075416 -0.49937780165082213 
-0.21881762146949768 -0.21930626034736633 0.8554932475090027 0.5002268050459642 -0.4998396533223147 -0.500463574689037 -0.4994693933461847 
-0.2416396141052246 -0.19673624634742737 0.8807823061943054 0.5003292209100657 -0.4997382005705083 -0.5004800240124856 -0.49945184668648385 
-0.26412591338157654 -0.1838887482881546 0.9059633612632751 0.5004281174916065 -0.49964072644962026 -0.5005395292789703 -0.49939065202093014 
-0.2861286401748657 -0.16240280866622925 0.8824177980422974 0.5005289030723877 -0.4995384951072136 -0.5005999653716421 -0.49933133665441354 
-0.30823126435279846 -0.19063878059387207 0.9075201153755188 0.5006134343450803 -0.4994428770044667 -0.5007220514967254 -0.49921982042747054 
-0.3304287791252136 -0.16908153891563416 0.9330626726150513 0.5599620472985682 -0.2471020501933654 -0.5600477685189291 -0.5583274839665335 
-0.3519066870212555 -0.16068696975708008 0.9579616189002991 0.534911654987382 -0.37673131154090067 -0.5355249724852613 -0.5340000412996172 
-0.3706675171852112 -0.141312375664711 0.9804586172103882 0.519017962306602 -0.4391406483295785 -0.5192751474637787 -0.5178119031214434 
-0.3834373652935028 -0.1241450384259224 0.9967969059944153 0.5108160577722612 -0.46887888942355344 -0.5102720888997166 -0.5087651103061812 
-0.39883193373680115 -0.10679379850625992 1.016115665435791 0.5375396290354199 -0.3747809527558844 -0.5349150378392583 -0.53334443557731 
-0.4023720324039459 -0.09311521798372269 1.0221023559570312 0.5215133456277111 -0.4367441711573625 -0.5190423571738016 -0.5175648662261803 
-0.3992069363594055 -0.08156122267246246 1.0202021598815918 0.5157930083002912 -0.4637658240686487 -0.5097786474117204 -0.5089249096453619 
-0.41705626249313354 -0.06481330841779709 1.0428797006607056 0.5805470795221206 -0.12101005947374614 -0.5695672230621361 -0.5691351617830196 
-0.4225376546382904 -0.05327828973531723 1.0516823530197144 0.5514437266399089 -0.3162380105134723 -0.5460661587125625 -0.5456327403711005 
-0.4127623736858368 -0.0466834157705307 1.0420770645141602 0.5317584665056492 -0.4067014163698221 -0.525147240126824 -0.525402005524837 
-0.40181440114974976 -0.04072042927145958 1.0313220024108887 0.5242346519830092 -0.4458871166178651 -0.5124266167556897 -0.513596798407834 
-0.3932829201221466 -0.03444812819361687 1.0237147808074951 0.5206341821801652 -0.46452715023134716 -0.5059674318673447 -0.5071011072094972 
-0.3868121802806854 -0.027972504496574402 1.0187268257141113 0.5182126275371454 -0.47429807523646383 -0.5029096984082566 -0.5035661264769006 
-0.4035637080669403 -0.01329705398529768 1.0415394306182861 0.5885673925103041 -0.012886528589326507 -0.5714991496381285 -0.5716739313782239 
-0.4170674979686737 -0.0009646187536418438 1.060084342956543 0.5805548761809708 -0.09428493679485439 -0.5716131248838091 -0.5721230828210437 
-0.42553868889808655 0.002865093993023038 1.070973515510559 0.5674282560108466 0.2131211873205113 -0.5623278633768398 -0.5624872512916385 
-0.429279088973999 0.008777789771556854 1.0784037113189697 0.5710265557794797 -0.15673705745841124 -0.5683602592015189 -0.5712519436940988 
-0.41478821635246277 0.007165919989347458 1.0631909370422363 0.5468830684213571 -0.33272977835691436 -0.5416392672546058 -0.5448272278773276 
-0.3980535864830017 0.005712111480534077 1.0455125570297241 0.5332177917846134 -0.41003713285548843 -0.5212783727747384 -0.5251830102748108 
-0.4109348952770233 0.015802497044205666 1.0641487836837769 0.5869591095743563 0.06133785356537047 -0.5689776880143712 -0.5726963086571215 
-0.4132252335548401 0.02088005468249321 1.069902777671814 0.5670976318247926 -0.23026587435406326 -0.5576572453819579 -0.5607105311653041 
-0.3996250033378601 0.018905693665146828 1.0557538270950317 0.5422351808957064 -0.3663888362911098 -0.5332085868213181 -0.5361238962966115 
-0.3853342831134796 0.01743628829717636 1.0408995151519775 0.5302827401571841 -0.426111443852448 -0.5166637342193333 -0.5198921413638646 
-0.3747711777687073 0.016720887273550034 1.0306878089904785 0.524262386340248 -0.4543134814704829 -0.5079771207707167 -0.5105951973887832 
-0.36744093894958496 0.01882643811404705 1.0230073928833008 0.520394302689689 -0.4688890867484979 -0.5038173566581554 -0.505470934066699 
-0.3618205785751343 0.02158784680068493 1.0189883708953857 0.5176862678919122 -0.4768679685702589 -0.5019123915291562 -0.5026746659792004 
-0.3772258460521698 0.03431367874145508 1.0411115884780884 0.5884364824241124 0.021580369860913783 -0.5714392504545234 -0.5716064877422018 
-0.3855336606502533 0.04061811789870262 1.0542985200881958 0.5646107936688493 -0.24932846789351057 -0.5560415837785443 -0.5566576361459123 
-0.3957477807998657 0.04833808168768883 1.069045901298523 0.5801968337680697 -0.08001632321564064 -0.5727235528441478 -0.5735475168825453 
-0.39076411724090576 0.047620534896850586 1.0652954578399658 0.5540455066433679 -0.2967981157729365 -0.5494584126017351 -0.5504906065166868 
-0.3809196949005127 0.015173237770795822 1.0542466640472412 0.5352109191512198 -0.39568190856607743 -0.5265759643033157 -0.5288694102260466 
-0.37011468410491943 0.015698442235589027 1.042206883430481 0.5259301450153795 -0.4407134956343735 -0.5130722745368232 -0.5156800737195918 
