0.5905895233154297 -0.3931703567504883 -0.03444531559944153 0.5021195703403524 -0.5182861219935172 -0.4667261442942978 -0.5112945717121581 
0.5816296339035034 -0.3676391839981079 -0.02778807282447815 0.49945017705866857 -0.5114714810017494 -0.48186519570163266 -0.5067073888639964 
0.5589781403541565 -0.34471622109413147 -0.03197159990668297 0.4993280680265793 -0.5061428304663719 -0.490092238998995 -0.5042821758909246 
0.581479549407959 -0.32163006067276 -0.0338716059923172 0.5002866548276372 -0.5021429458957313 -0.49401323271016645 -0.503504370185384 
0.6038742065429688 -0.2984645664691925 -0.034766193479299545 0.501455654706 -0.5002204404456105 -0.49572143737270447 -0.5025753613667469 
0.6263284683227539 -0.27525433897972107 -0.031986337155103683 0.5020486923301936 -0.4992546411476876 -0.49651378660692463 -0.5021613023036419 
0.6516909599304199 -0.2503453493118286 -0.0074345702305436134 0.502162844399186 -0.4989485330134067 -0.49709302618740836 -0.5017782004277717 
0.6280114650726318 -0.275284081697464 -0.00443152105435729 0.5011556752403511 -0.4994849933442475 -0.49845162273790605 -0.5009028951685478 
0.6489121913909912 -0.29716411232948303 -0.01968240737915039 0.5006046830103673 -0.4997671340500318 -0.49913421441028405 -0.500492556464665 
0.6681770086288452 -0.2716590166091919 -0.025972433388233185 0.49976408263969563 -0.5007883619092909 -0.49886589517084257 -0.500579361255442 
0.6435245275497437 -0.2565140128135681 -0.0014073785860091448 0.49936638735110905 -0.5013190517463525 -0.4984437579396657 -0.5008654906369812 
0.6188593506813049 -0.23473739624023438 0.023157501593232155 0.49972020634481995 -0.5006929563561447 -0.4991367006665149 -0.5004486316034648 
0.5941925644874573 -0.20972806215286255 0.03662343695759773 0.4999138096130025 -0.5003668532624626 -0.49948759572153845 -0.5002312833427685 
0.5695116519927979 -0.1847001314163208 0.06119970604777336 0.5000178937870043 -0.500197897169784 -0.49966673966717 -0.5001173050696357 
0.5448311567306519 -0.16196699440479279 0.07355881482362747 0.5000681428083825 -0.5001165952446246 -0.4997576087030344 -0.5000575729378813 
0.5201511979103088 -0.13690181076526642 0.0481494665145874 0.5000962899079645 -0.5000744912821098 -0.4998041979352373 -0.5000249670921868 
0.4954458177089691 -0.111823670566082 0.05610610172152519 0.5001221955356022 -0.5000460681687093 -0.4998295043347488 -0.5000021858333646 
0.47072720527648926 -0.13669581711292267 0.080699622631073 0.5001250256901825 -0.500042347008704 -0.499840931756926 -0.49999165274711255 
0.4461576044559479 -0.1333330273628235 0.08800192177295685 0.5001333174283874 -0.5000409668351445 -0.4998452364789396 -0.4999804354711923 
0.42161843180656433 -0.15829025208950043 0.07345250993967056 0.5001653727494016 -0.4999924777724821 -0.4998544157425335 -0.49998768498441726 
0.3970739245414734 -0.17650611698627472 0.058106862008571625 0.5001966111207086 -0.49994098125802217 -0.49985855733127765 -0.5000037881304685 
0.3727860748767853 -0.20165470242500305 0.06491540372371674 0.5002120740227549 -0.4999150170061726 -0.49985723919564334 -0.5000155969540169 
0.3489544093608856 -0.22716085612773895 0.08853670209646225 0.5002863827199091 -0.49983399818565744 -0.49984596546178706 -0.5000335192108055 
0.3250722885131836 -0.20264042913913727 0.062051743268966675 0.5004342379291739 -0.49968368582763173 -0.49981996470480544 -0.5000617866908516 
0.3017629384994507 -0.19180916249752045 0.08476124703884125 0.5005194232095043 -0.49958524629334156 -0.49979326781318667 -0.5001015678086429 
0.2786891758441925 -0.21797394752502441 0.10721059143543243 0.5007397124042939 -0.4993845683534133 -0.4997133369000997 -0.5001613482026649 
0.25604045391082764 -0.19440189003944397 0.1290549635887146 0.5009171251638432 -0.4992126787942708 -0.49964882181306386 -0.5002197416230751 
0.2333633452653885 -0.220999076962471 0.15112343430519104 0.5177101928645345 -0.4454870621353837 -0.5161178521151 -0.5168556823739557 
0.2107952982187271 -0.24823683500289917 0.17319220304489136 0.5096776658395263 -0.4724466147955547 -0.5080208943106526 -0.5088591593519741 
0.1995716691017151 -0.22929805517196655 0.19329716265201569 0.5055331179265821 -0.48573652317352456 -0.5037946727909962 -0.5046654579046775 
0.192691370844841 -0.2316148579120636 0.21605680882930756 0.5033491863916457 -0.4923400012867613 -0.5016294189798972 -0.5026020749118641 
0.19226013123989105 -0.2175670713186264 0.23815199732780457 0.5021960419626981 -0.495669501043179 -0.500523301674127 -0.501584794081556 
0.18808582425117493 -0.23162253201007843 0.2611229121685028 0.5015197164869794 -0.49724131053412873 -0.5001070890342514 -0.5011206966099179 
0.1864246428012848 -0.23907470703125 0.2849145233631134 0.53608807120898 -0.3733674354999946 -0.5347707290398586 -0.5359352623011207 
0.17862051725387573 -0.27120837569236755 0.284898042678833 0.5188690206932095 -0.43762889397227006 -0.5185274248575907 -0.5199857692245368 
0.16679567098617554 -0.3026173710823059 0.30828529596328735 0.5097690375738041 -0.4687927989893809 -0.5093660871095131 -0.5107984233036779 
0.15141461789608002 -0.33385929465293884 0.3324609398841858 0.5048211295852172 -0.4843096364838225 -0.5046735902003633 -0.5058699145901926 
0.1387452781200409 -0.35506778955459595 0.356506884098053 0.5017686093257693 -0.4920861101347738 -0.5024261494355029 -0.5036342792852014 
0.1351156085729599 -0.34280169010162354 0.3791262209415436 0.4995835522131184 -0.4957901419772201 -0.5016708687807013 -0.5029261863267283 
0.13805602490901947 -0.3318999409675598 0.40768590569496155 0.49837257999149265 -0.49732088875255315 -0.5016635419100964 -0.5026235130206415 
0.13979175686836243 -0.3165656328201294 0.43211275339126587 0.49839480199136216 -0.4981468562337328 -0.5015643060403627 -0.5018820358198617 
0.13768070936203003 -0.29946914315223694 0.45859411358833313 0.49911645462666143 -0.49742133684926226 -0.5024699331260356 -0.5009777886017724 
0.13387727737426758 -0.3009796738624573 0.4870177209377289 0.49863181509329446 -0.4977534760128681 -0.5028452822834275 -0.5007538438985506 
0.14193059504032135 -0.2924833595752716 0.5010612607002258 0.574283168631686 -0.0037972237261848767 -0.5801637803830618 -0.5775763250428105 
0.13743457198143005 -0.28074243664741516 0.5301592350006104 0.5526459602047966 -0.2628039347523049 -0.5590406516347893 -0.559455167433258 
0.12788106501102448 -0.2850082516670227 0.5590351819992065 0.5290863181471419 -0.38506443856276423 -0.5339871697208484 -0.5353977481063612 
0.12422197312116623 -0.2726108133792877 0.5816681385040283 0.5136726691149265 -0.44381355418174945 -0.5186106505075128 -0.5198200759003883 
0.12357938289642334 -0.2638401985168457 0.5986547470092773 0.5040475487010873 -0.4727945167529642 -0.5109994920474045 -0.5111564659710869 
0.12344369292259216 -0.26643046736717224 0.6131138205528259 0.49830831886473065 -0.48765727442130413 -0.5072284916948895 -0.5065554848850404 
0.12502434849739075 -0.26200297474861145 0.6245517134666443 0.4952571772074144 -0.4953113775442723 -0.505243858426584 -0.5040988109705846 
0.1276060938835144 -0.25902897119522095 0.633988618850708 0.4934509156817256 -0.4994949218058725 -0.5042323456778857 -0.5027531784834274 
0.13049259781837463 -0.25859278440475464 0.6413441896438599 0.49248243269856107 -0.501863542205648 -0.5036209842623242 -0.5019561163077457 
0.13332733511924744 -0.2597317099571228 0.6480334401130676 0.49214742930227634 -0.5031318312372458 -0.5032248909231716 -0.5014119836844534 
0.13568581640720367 -0.2618288993835449 0.6548915505409241 0.4922237129723929 -0.5038147672252875 -0.5028774929181715 -0.5009997243808972 
0.13284702599048615 -0.28031453490257263 0.6671138405799866 0.4925197783011396 -0.5042057804301867 -0.5025137174986332 -0.5006802998807588 
0.13144956529140472 -0.2830383777618408 0.6796132326126099 0.49325854799037877 -0.5043373594563363 -0.5020098555129971 -0.5003258314926916 
0.129421204328537 -0.2886515259742737 0.6940069794654846 0.4936284070355162 -0.5043547007715343 -0.5015250575621515 -0.5004297635178342 
0.12552118301391602 -0.2958122789859772 0.7109675407409668 0.49406949432293834 -0.5043443785439504 -0.5010453044404843 -0.5004854498471807 
0.11878617107868195 -0.30392754077911377 0.7322120666503906 0.4948263745270213 -0.5041384213301485 -0.5004312174657365 -0.5005595946507774 
0.1269119679927826 -0.328656941652298 0.7371008992195129 0.5740163430327221 -0.004152909210106575 -0.5783592444738799 -0.5796452152895216 
0.11242425441741943 -0.3349305987358093 0.7570527195930481 0.5504312397186722 -0.2662444823263345 -0.5627808756220384 -0.5562526512356051 
0.09428993612527847 -0.338999480009079 0.7800432443618774 0.5280642703568427 -0.38724578648755303 -0.5371699220599289 -0.5316364378541615 
0.07365366071462631 -0.3418245017528534 0.804068922996521 0.5140804059781809 -0.4454580137804168 -0.5203796351757543 -0.5162301128784175 
0.05011223629117012 -0.3436568081378937 0.8289437890052795 0.5063030950445866 -0.47389511180140914 -0.5111619201926763 -0.5077342713506137 
0.024923473596572876 -0.3633486330509186 0.8536717295646667 0.5022223065274944 -0.4880467901253335 -0.5065504969302898 -0.5029807943989896 
4.6464079787256196e-05 -0.38802117109298706 0.8783721923828125 0.5005993146394162 -0.4947598919445143 -0.5037361024125779 -0.5008621712924467 
-0.025943512097001076 -0.3672487437725067 0.9028884172439575 0.5004671171644307 -0.49736534142390165 -0.5016452629498785 -0.5005121496500932 
-0.053955815732479095 -0.34940627217292786 0.9273698925971985 0.5001566912373472 -0.49893556253122023 -0.5010411008211363 -0.49986438554882834 
-0.08291604369878769 -0.3306266665458679 0.9526785016059875 0.5000176275320967 -0.5001035602681183 -0.5009581136895216 -0.49891860006714756 
-0.11093619465827942 -0.30889368057250977 0.9797698855400085 0.5728735318420642 -0.13081718692491492 -0.5734766555700822 -0.5708128464181622 
-0.13654345273971558 -0.2843337059020996 1.0049917697906494 0.5473327946724296 -0.32151637926127663 -0.5469445035776291 -0.5458074200201093 
-0.16138921678066254 -0.2595537006855011 1.0297759771347046 0.5329419166431845 -0.38640044664430223 -0.5325514834924597 -0.5320305684335751 
-0.18556159734725952 -0.2354861944913864 1.0544536113739014 0.5176264122172454 -0.444105538488962 -0.5172295869212825 -0.5170171394371478 
-0.20984655618667603 -0.21166661381721497 1.0792425870895386 0.5774254341127585 0.03180371548982702 -0.5769901090188507 -0.576758880135494 
-0.23312115669250488 -0.1885664463043213 1.1037722826004028 0.5601152843829302 -0.24326082358205448 -0.5598280467618993 -0.5600782070118122 
-0.2530372440814972 -0.1675753891468048 1.1232242584228516 0.5354813118579513 -0.3753517634270653 -0.5349172899438237 -0.5350087020434668 
-0.2607870101928711 -0.14804573357105255 1.1184626817703247 0.5201814358482358 -0.43770240309924685 -0.5183185126320816 -0.5188196214320336 
-0.26554304361343384 -0.14543384313583374 1.1090527772903442 0.5160732083327615 -0.46340363906158366 -0.5073912535659775 -0.5113507863984936 
-0.27022525668144226 -0.12771126627922058 1.1018146276474 0.5148380969606935 -0.4749810727119385 -0.5017036826497895 -0.5075708121030477 
-0.2747498154640198 -0.11131118983030319 1.0959761142730713 0.5139203720508964 -0.48095631211834006 -0.4992128139640751 -0.5053250868487176 
-0.27899548411369324 -0.0960795059800148 1.0909947156906128 0.5132934185083318 -0.48407647640150514 -0.4982060699937619 -0.5039747447363851 
-0.2828833758831024 -0.08192119747400284 1.0865415334701538 0.512898830441785 -0.48570636139703177 -0.4978669041224709 -0.5031427888874206 
-0.2863754630088806 -0.0687669888138771 1.0824270248413086 0.5126709293902714 -0.48654808858685367 -0.49781895639646445 -0.5026089556533287 
-0.28946319222450256 -0.05655805021524429 1.078547477722168 0.5125537918340485 -0.48697065688909175 -0.4978920099297319 -0.502246688643815 
-0.30547192692756653 -0.0402761735022068 1.0958747863769531 0.5545409637879655 -0.3272581648833178 -0.5388574849543403 -0.5431565372035952 
-0.3091401755809784 -0.029903506860136986 1.093988060951233 0.5310590675747809 -0.4138551609836719 -0.5217034757968049 -0.5239519594536468 
-0.3073227107524872 -0.022075731307268143 1.083951473236084 0.5214947804325524 -0.45192025972297395 -0.5101593097164205 -0.5133699947826996 
-0.30555978417396545 -0.014725745655596256 1.0750069618225098 0.5181474056360331 -0.4687090758326658 -0.5038257121983677 -0.507931806439156 
-0.30457258224487305 -0.007557767443358898 1.068096399307251 0.516354822610605 -0.4770365965393756 -0.5008510614713612 -0.504937616891345 
-0.3041601777076721 -0.0006228339625522494 1.062730312347412 0.5151462936752487 -0.48146682601002194 -0.4995710725100074 -0.5032322873938939 
-0.30408138036727905 0.006005538627505302 1.058426022529602 0.5143029943206827 -0.4839105245842086 -0.4990778097639881 -0.5022393593005196 
-0.3107598125934601 0.01541769690811634 1.0645759105682373 0.5315500772441103 -0.42605578008011935 -0.5162494802980037 -0.5190543918840707 
-0.3105558753013611 0.02083037607371807 1.0608439445495605 0.5202665368287422 -0.45917260024731943 -0.5081963786512326 -0.5101173341145303 
-0.3089632987976074 0.025234054774045944 1.0554924011230469 0.5165302035334572 -0.4732642540431208 -0.5034997905903613 -0.5056732695705363 
0 0 0 0 0 0 0 
0 0 0 0 0 0 0 
0 0 0 0 0 0 0 
0 0 0 0 0 0 0 
0 0 0 0 0 0 0 
0 0 0 0 0 0 0 
