0.5007966756820679 -0.6008230447769165 -0.027464333921670914 0.5682207223905313 -0.19614633303632065 -0.5630055962422162 -0.567165342102578 
0.5278518795967102 -0.5814843773841858 -0.04776229336857796 0.49854914781422066 -0.5002346843044211 0.49969883333815407 -0.5015127952436093 
0.5405934453010559 -0.5507771968841553 -0.06119781360030174 0.5740733661501394 -0.5754158956103474 -0.0013209448456961157 -0.5825243106177668 
0.5541521310806274 -0.5047563314437866 -0.030553076416254044 0.5529155051192982 -0.560353810822361 -0.25626068441627015 -0.5609086489955687 
0.5667434930801392 -0.4618299901485443 -0.0336422435939312 0.5250375623358245 -0.5424577133157419 -0.3780498600517992 -0.5358670457450493 
0.5811582803726196 -0.42659610509872437 -0.0324605368077755 0.5082979300458366 -0.5287631165113152 -0.43792313909992775 -0.519871239028689 
0.5750346779823303 -0.3977503776550293 -0.032742928713560104 0.5011925147374239 -0.5186554716371085 -0.4675794697728875 -0.5110499039809825 
0.5940818190574646 -0.3701991140842438 -0.03245599940419197 0.49934756442103606 -0.5108542993350422 -0.48255662470121813 -0.506773123512534 
0.5709113478660583 -0.34655508399009705 -0.03386446833610535 0.499016798190924 -0.5065946678969303 -0.4899568553561806 -0.5042681404482742 
0.5929202437400818 -0.32291388511657715 -0.03447863087058067 0.49993752439259337 -0.5025580630959425 -0.4938073812856291 -0.5036388935629269 
0.5828412175178528 -0.3003896474838257 -0.03535274416208267 0.50105114400418 -0.5006562297249341 -0.49556402380397985 -0.5027000985089668 
0.6057142019271851 -0.27775588631629944 -0.03577043116092682 0.5016200169265853 -0.4991106158831743 -0.4965154141226593 -0.5027309372516228 
0.5833618640899658 -0.25517702102661133 -0.03610898181796074 0.5024443548248578 -0.49837768747377 -0.49687138054660424 -0.5022829701738266 
0.5609768629074097 -0.23253953456878662 -0.036277346312999725 0.5021844128133802 -0.4978705768614764 -0.4971768451963275 -0.5027433627841629 
0.5363209843635559 -0.2526405155658722 -0.011736205779016018 0.5020680278733557 -0.4975973560438318 -0.49732375905846365 -0.5029847366685263 
0.5515444874763489 -0.22925077378749847 -0.021412575617432594 0.5011077526759229 -0.49880729692261333 -0.4985866348277229 -0.501491443911069 
0.5487040877342224 -0.20655496418476105 -0.02881905809044838 0.5011755862163965 -0.49905578254547917 -0.49879864071902935 -0.5009653418205888 
0.5263140201568604 -0.18387770652770996 -0.032475460320711136 0.5014333375966016 -0.49868733248375574 -0.49851440280751014 -0.5013571008377566 
0.5038920044898987 -0.2065470963716507 -0.03446916490793228 0.501476048880546 -0.498219265106031 -0.49822021007022155 -0.5020716667508208 
0.48150575160980225 -0.18387402594089508 -0.03545084968209267 0.50200156198209 -0.49749599244069637 -0.49757554284781647 -0.5029023249426166 
0.45908573269844055 -0.20649626851081848 -0.03607090190052986 0.5019157060049301 -0.497459265296802 -0.497584352825214 -0.5030156212877006 
0.45899736881256104 -0.22918535768985748 -0.0364602729678154 0.502303545938185 -0.49702943983655284 -0.497167736753713 -0.5034651181610091 
0.4343067407608032 -0.25409767031669617 -0.011913773603737354 0.502856716617936 -0.4968754111013812 -0.4968695844975417 -0.5033592796366255 
0.41128918528556824 -0.24482020735740662 -0.02247672900557518 0.5015042309336716 -0.49845497438199876 -0.498356132616876 -0.5016745059823337 
0.38659799098968506 -0.23000957071781158 -0.047804299741983414 0.501073168841386 -0.4986564849803109 -0.49865062043504677 -0.5016123485263055 
0.3618822991847992 -0.20494447648525238 -0.07327978312969208 0.5006224693777408 -0.4993199692018687 -0.49924500543893285 -0.5008104791781597 
0.337146520614624 -0.1798611432313919 -0.0487641766667366 0.5003923811772768 -0.49967448120076524 -0.4995405643074589 -0.5003919486840958 
0.3124132752418518 -0.20472973585128784 -0.024236634373664856 0.5002593015311781 -0.4998623935650229 -0.49969871701857044 -0.5001793787642376 
0.2877243161201477 -0.2296406328678131 0.00024168718664441258 0.5002068340663598 -0.4999503975037061 -0.4997734259411746 -0.5000692411178845 
0.2635680139064789 -0.21929436922073364 0.02364451251924038 0.500190592100999 -0.4999764924381869 -0.49980487864858625 -0.5000279610801095 
0.23953554034233093 -0.24495315551757812 0.039398618042469025 0.5003627716970763 -0.4997813896622977 -0.49975034645812555 -0.500105239386497 
0.2159050554037094 -0.2217860370874405 0.06157877668738365 0.5005499725111068 -0.49964524623386153 -0.4996863091665106 -0.5001179314587557 
0.20257708430290222 -0.21388991177082062 0.08170599490404129 0.500759235042239 -0.49940591516543903 -0.49956453196735395 -0.5002691263889075 
0.1927819401025772 -0.2435970902442932 0.10287751257419586 0.5009159148089884 -0.4993138200518582 -0.4993493114165726 -0.5004190449853899 
0.18356557190418243 -0.27391859889030457 0.12433509528636932 0.5009054057126281 -0.4992612087091157 -0.49924473886312204 -0.5005863668975351 
0.18010981380939484 -0.2680250406265259 0.14439131319522858 0.5008756672101595 -0.49926754466432516 -0.4991933330211872 -0.5006610641030835 
0.17306511104106903 -0.30082643032073975 0.1446007341146469 0.5007964030555738 -0.49933313531412804 -0.499115984854872 -0.5007520507459887 
0.1599978357553482 -0.33526742458343506 0.16640569269657135 0.5008049482551298 -0.499351803457534 -0.49913060379821134 -0.5007103159901126 
0.14290562272071838 -0.3643733561038971 0.1713225096464157 0.5006620085809017 -0.4993215587111663 -0.49930902861032617 -0.500705530345133 
0.135419562458992 -0.3536091148853302 0.193083718419075 0.5000543082847797 -0.4996112596070186 -0.49920414302136634 -0.5011282287299552 
0.1326492875814438 -0.34849515557289124 0.16714036464691162 0.4996354409665011 -0.5000605001451462 -0.49886744698192914 -0.5014331387797665 
0.1318242996931076 -0.34631645679473877 0.18839193880558014 0.49942644554537663 -0.5002366988992476 -0.4985775883253287 -0.5017537832283815 
0.1316777914762497 -0.34541550278663635 0.20309728384017944 0.4992863222853093 -0.5003962338097109 -0.4984933139836465 -0.5018178887619184 
0.12329176068305969 -0.37842777371406555 0.2248820811510086 0.49876047763925563 -0.5008514185299102 -0.4989241988175082 -0.5014583595234464 
0.11907123029232025 -0.37415772676467896 0.2462594211101532 0.4984241330910863 -0.5012907100650358 -0.4986635858556932 -0.5016130338183339 
0.11661965399980545 -0.3727585971355438 0.2677944302558899 0.4974772740964515 -0.5017383035637947 -0.4988405221829754 -0.5019294471563767 
0.1151316910982132 -0.37249132990837097 0.289184033870697 0.49642474863874925 -0.5022053907955449 -0.4993052832161466 -0.5020422776492955 
0.11417794972658157 -0.3726886808872223 0.3103170096874237 0.4953204097257334 -0.502720008467492 -0.4999757123534277 -0.5019507663628564 
0.10998674482107162 -0.4089087247848511 0.33188891410827637 0.49421705457573445 -0.5032741713032634 -0.5007527004760682 -0.5017084257130073 
0.11086397618055344 -0.3993074595928192 0.35206592082977295 0.4942338053182145 -0.5030380918363548 -0.5006692167123123 -0.5020119114911477 
0.11286749690771103 -0.3948458135128021 0.3743874132633209 0.4937202129980287 -0.5029462494179658 -0.5010634870757537 -0.5022158932103488 
0.11684388667345047 -0.3852148950099945 0.39875397086143494 0.4939288977985294 -0.502467040669172 -0.50128445667307 -0.5022698582024204 
0.1244056448340416 -0.3681800663471222 0.41517117619514465 0.4953630948706323 -0.5014290260785552 -0.5013467343836852 -0.5018324301685924 
0.13232192397117615 -0.3559071719646454 0.4326658546924591 0.49746040253012974 -0.49905992866241494 -0.5016895065674221 -0.5017768174379552 
0.12629736959934235 -0.38487717509269714 0.45864298939704895 0.5003054231072624 -0.49650702048296375 -0.5030070003178393 -0.5001591945089506 
0.11471136659383774 -0.4108157157897949 0.4871547222137451 0.4998112846285629 -0.49814797048535325 -0.5021491434144131 -0.49988350345599597 
0.10187452286481857 -0.42487379908561707 0.5164121389389038 0.49967881773583284 -0.49907955614547056 -0.5010846751067514 -0.5001548001538342 
0.08478259295225143 -0.39892053604125977 0.556127667427063 0.4990760963052357 -0.4996906684004219 -0.5002062608803595 -0.5010249321005459 
0.06316753476858139 -0.3764978349208832 0.5868155360221863 0.4996521131843377 -0.49888881851157885 -0.4994614614366385 -0.5019919930577817 
0.03906678780913353 -0.35884830355644226 0.6154945492744446 0.49964916574618756 -0.49935017384196023 -0.5000147022596254 -0.5009844434484578 
0.014508235268294811 -0.3485119938850403 0.6422874927520752 0.5106333822249175 -0.4646190756224322 -0.5119688030848527 -0.5111463667024947 
-0.012278387323021889 -0.3411129415035248 0.6655381917953491 0.5045384686102143 -0.4832940584779344 -0.5070415593738556 -0.5047540428764447 
-0.04209407418966293 -0.33377641439437866 0.6881347298622131 0.5015391646005141 -0.49241676832090003 -0.5045787151116881 -0.5013826013180529 
-0.07389453798532486 -0.3242528736591339 0.7120780348777771 0.5002903534828733 -0.4966861805898299 -0.5033230224807898 -0.4996782317290507 
-0.10506991297006607 -0.3114779591560364 0.7379416823387146 0.4999220362529079 -0.49855255967084366 -0.5026120856824271 -0.49890319125092464 
-0.13465431332588196 -0.29253387451171875 0.7644057869911194 0.4998020999814584 -0.4994208547510225 -0.502112083525726 -0.4986583261827046 
-0.1590271145105362 -0.26825955510139465 0.7894731760025024 0.5000994417105282 -0.4998338113779847 -0.5013863479916741 -0.4986766882978861 
-0.18279357254505157 -0.2444608509540558 0.8146605491638184 0.5001740738271057 -0.49980885222742816 -0.5008010716880045 -0.49921467697018324 
-0.20611506700515747 -0.22120057046413422 0.8399476408958435 0.5002535750023326 -0.4997691400467226 -0.5005731379906476 -0.499403344879208 
-0.23004941642284393 -0.1987878829240799 0.8676275014877319 0.577623454457314 0.0003312605340577778 -0.5778451463323003 -0.5765813229610031 
-0.2533942461013794 -0.17642422020435333 0.8946869969367981 0.5769070141074075 -0.011924770040772723 -0.5779677863418854 -0.5770522808933441 
-0.27569931745529175 -0.15443262457847595 0.9202080965042114 0.5562120873257345 -0.2647441756166273 -0.5576913128282491 -0.5563443492889327 
-0.2974659204483032 -0.13321267068386078 0.9453821778297424 0.5326223006681903 -0.3856034128466771 -0.5333460824967493 -0.5321329242936295 
-0.31806907057762146 -0.11308685690164566 0.9695432782173157 0.5176606074584422 -0.4435082775394044 -0.5180228828589287 -0.5167012638597975 
-0.3357871472835541 -0.09475415199995041 0.9909300804138184 0.5096843008871579 -0.4714599876728333 -0.5096194570979958 -0.508168675146201 
-0.34854400157928467 -0.07877764850854874 1.0068415403366089 0.5062230970340238 -0.48450171509660556 -0.5052503281170634 -0.5037046456360401 
-0.35564956068992615 -0.06521191447973251 1.0160248279571533 0.5057547213351439 -0.489629695556793 -0.502962445140511 -0.501501447509827 
-0.3587935268878937 -0.05352095887064934 1.0204106569290161 0.5070458415656405 -0.49061373871328673 -0.5016754889071269 -0.5005241030825164 
-0.3772428035736084 -0.03673357889056206 1.0442650318145752 0.5835904862758011 0.011504631449854365 -0.5746009355024495 -0.573692908012019 
-0.39010700583457947 -0.023082537576556206 1.0612523555755615 0.5614764616425981 -0.253550169595176 -0.5570025155933306 -0.5569602249193987 
-0.3870928883552551 -0.0166673194617033 1.0580906867980957 0.5370181304231698 -0.3790069424029654 -0.5328003771585309 -0.53300002186387 
-0.37773147225379944 -0.01276638638228178 1.046978235244751 0.5255485666160102 -0.4342991236570056 -0.5166292352978127 -0.5179548325425792 
-0.39301231503486633 0.00017572188517078757 1.067592740058899 0.5859382743006002 0.04657132488767985 -0.571020542900618 -0.5730994590761053 
-0.3989196717739105 0.008273996412754059 1.0764145851135254 0.5654482923421585 -0.23711204850339182 -0.5576251679634392 -0.5595536410350738 
-0.38833361864089966 0.00887888204306364 1.0638558864593506 0.5407343208783291 -0.3700745742430151 -0.5330767855030271 -0.5352385865021909 
-0.3757479190826416 0.009127235040068626 1.049081563949585 0.5291258485732001 -0.4283059778087271 -0.5164162007142099 -0.51951336208504 
-0.3661738634109497 0.010814797133207321 1.0384613275527954 0.5235432708043765 -0.4555430877774184 -0.5076460554790577 -0.510566764615779 
-0.3592752516269684 0.0135949170216918 1.0314127206802368 0.5200009438172255 -0.4695376928714529 -0.5034766824019753 -0.5056130968236962 
-0.354198694229126 0.017008302733302116 1.0267759561538696 0.5175717409766413 -0.47710793716476213 -0.5015688168801298 -0.5029077760089425 
-0.3503015339374542 0.02073086053133011 1.0237025022506714 0.515904900891317 -0.4813297297131354 -0.5007233630651559 -0.5014378707390584 
-0.34716010093688965 0.024554744362831116 1.0216388702392578 0.5147743585211635 -0.483738536982585 -0.5003659127425213 -0.500637934052561 
-0.34450429677963257 0.02835139073431492 1.02023184299469 0.5140150398740488 -0.4851407029148755 -0.5002273384845006 -0.5001996071482399 
-0.342164009809494 0.03204406052827835 1.019256830215454 0.5135078025525744 -0.48597278731559507 -0.5001834479093289 -0.4999567032692664 
-0.34003299474716187 0.03558943793177605 1.018571376800537 0.5131690496678014 -0.48647654927756667 -0.500177967407754 -0.49982006200820384 
-0.355843186378479 0.048712242394685745 1.0402014255523682 0.5818107454621962 -0.13532281090073509 -0.5673427080848304 -0.5668388173878164 
-0.36154457926750183 0.05503514036536217 1.0495847463607788 0.5513441690096931 -0.3229304444451617 -0.5441195477268814 -0.5437549568794341 
-0.3554305136203766 0.05426890775561333 1.0437324047088623 0.5311467545595681 -0.41038378435095685 -0.5240514640240397 -0.5242502624862349 
-0.3692655861377716 0.05163303390145302 1.062880039215088 0.5849832855901096 -0.010248310141179962 -0.5729019454574967 -0.5739972897239725 
-0.37279343605041504 0.055799346417188644 1.0690957307815552 0.5606818425191962 -0.26417184037252334 -0.5542840951084919 -0.5555342042873991 
-0.3630194365978241 0.05257965624332428 1.0577605962753296 0.537718176144249 -0.3824700249598485 -0.530364837210876 -0.532248985439706 
