0.5007966756820679 -0.6008230447769165 -0.027464333921670914 0.5208936681717866 -0.48787541364283143 -0.4963944832833307 -0.49420631742952464 
0.5282695889472961 -0.5804243087768555 0.0017418438801541924 0.49854914781422066 -0.5002346843044211 0.49969883333815407 -0.5015127952436093 
0.5529376268386841 -0.5549046993255615 -0.02236218750476837 0.5751118809717217 -0.575852703560325 -0.0011548752190245037 -0.5810668244106363 
0.5636847615242004 -0.5054389238357544 -0.024514956399798393 0.5560890846521308 -0.5568555069115599 -0.25911315892721987 -0.5599439661464193 
0.5750828385353088 -0.46089866757392883 -0.030242595821619034 0.5256415846446985 -0.5415363681631085 -0.3788103817337178 -0.5356696567285436 
0.590168297290802 -0.4255993962287903 -0.024518953636288643 0.5078504518777581 -0.528960644582725 -0.4383757230919065 -0.5197261590624751 
0.6058240532875061 -0.3937181830406189 -0.027140391990542412 0.5005593100502672 -0.5190172729475099 -0.46828872157719814 -0.5106536211050735 
0.6222768425941467 -0.3639286756515503 -0.028208311647176743 0.4977444144038486 -0.5126797913345595 -0.4829605549192388 -0.5061215584017572 
0.6026859879493713 -0.3393484055995941 -0.031039735302329063 0.49694451483524515 -0.5087238215551607 -0.4902330065623973 -0.5039025916129707 
0.6235287189483643 -0.31464672088623047 -0.03227367624640465 0.4983735459295203 -0.504209892831737 -0.4940473978952557 -0.5033024551114086 
0.6067016124725342 -0.29217928647994995 -0.03411088511347771 0.49958617573831204 -0.5021475779093245 -0.49575262002038833 -0.5024846293707775 
0.5832207202911377 -0.26848095655441284 -0.018484393134713173 0.5007177774330893 -0.49991225300506636 -0.4966927727005373 -0.5026586676910271 
0.6061122417449951 -0.25267115235328674 -0.027369234710931778 0.5004187327169963 -0.49973197454489976 -0.4981154926128729 -0.5017270189878217 
0.5910444259643555 -0.23006708920001984 -0.03179565444588661 0.5014008814415567 -0.4991337389557165 -0.49812422143473634 -0.5013331494582763 
0.6163703203201294 -0.20510230958461761 -0.008723835460841656 0.5015215952787226 -0.49851540708705283 -0.4980406393231353 -0.5019103505094491 
0.6399232149124146 -0.18174710869789124 -0.02285965345799923 0.5008499830957213 -0.4992663509244891 -0.49892507784289014 -0.5009552594464166 
0.6153011322021484 -0.19128230214118958 0.0016616933280602098 0.5012449879796396 -0.49918120824611806 -0.49885004913291825 -0.5007196938800408 
0.5915724635124207 -0.16726979613304138 -0.018086688593029976 0.5006917858428228 -0.4995892664457192 -0.49936189726359775 -0.5003558693600519 
0.5691665410995483 -0.15429607033729553 -0.027129311114549637 0.5004972345721895 -0.49952506288875803 -0.4994293536409474 -0.5005472509697347 
0.5445056557655334 -0.12925980985164642 -0.003330554347485304 0.5007842447082145 -0.4988672606114056 -0.4989247423327454 -0.5014186853621421 
0.5210728645324707 -0.1387767344713211 -0.020433377474546432 0.5004526433588474 -0.49943827428332904 -0.49940127702276127 -0.5007064274043901 
0.5151321291923523 -0.13246452808380127 0.0005539092235267162 0.5006085348208319 -0.4991647184932854 -0.499184958032173 -0.5010389768775247 
0.49044689536094666 -0.15736441314220428 0.02509944699704647 0.5003769746726591 -0.4995946498489161 -0.4995197528776966 -0.5005078276558531 
0.46576887369155884 -0.1822645664215088 0.019072378054261208 0.5002569447883923 -0.4998122637825677 -0.4996957383417614 -0.5002348041136387 
0.4410867393016815 -0.18111872673034668 -0.0011855275370180607 0.5002067734563258 -0.4999173170065537 -0.499779224779358 -0.5000965770971895 
0.41638290882110596 -0.20601339638233185 0.023363156244158745 0.500181645849426 -0.4999686478520397 -0.4998171577815137 -0.5000324800526181 
0.3916880190372467 -0.23091241717338562 0.04792138561606407 0.5001597600266803 -0.500005809744541 -0.49983574000519354 -0.4999986376833641 
0.3670051693916321 -0.2558150291442871 0.022491807118058205 0.5001479808002313 -0.5000253326488233 -0.49984224405281225 -0.4999843948276126 
0.34231531620025635 -0.28072842955589294 0.03023330681025982 0.5001602069890476 -0.5000253845253755 -0.4998386263906303 -0.4999757291537775 
0.3177177608013153 -0.26479336619377136 0.038973450660705566 0.5001560250961288 -0.500032230732284 -0.4998351285408296 -0.4999765625161932 
0.29341375827789307 -0.29017898440361023 0.0629669800400734 0.500170854635497 -0.4999946968277808 -0.49983544505413835 -0.49999894718371524 
0.2767663896083832 -0.31510335206985474 0.0387740321457386 0.5002704853867997 -0.49987400228574247 -0.49981087551069026 -0.5000445100297841 
0.25270235538482666 -0.2908649444580078 0.062271155416965485 0.5002088492444555 -0.4999378991826283 -0.4998050286337383 -0.5000481351338347 
0.2287721186876297 -0.31693848967552185 0.08555345982313156 0.5003759557948204 -0.4997704993639223 -0.4997401307973346 -0.5001131396980274 
0.20525875687599182 -0.2936732769012451 0.1080387681722641 0.5005044443247928 -0.499635175398358 -0.499677858496096 -0.5001819973215129 
0.19005203247070312 -0.27330777049064636 0.12967365980148315 0.5007030905005037 -0.49943605597829466 -0.4995768232343705 -0.5002829587734773 
0.17863686382770538 -0.29812175035476685 0.15140341222286224 0.5008381661175083 -0.499300323041244 -0.49943113086443025 -0.5004286805274424 
0.16361437737941742 -0.3320791721343994 0.17353206872940063 0.5008635564928087 -0.49926789308600344 -0.49935411516142164 -0.5005124737528445 
0.14677298069000244 -0.3557095229625702 0.14735199511051178 0.5008883974137083 -0.49921749800198173 -0.4994393206144256 -0.5004528629643051 
0.13068756461143494 -0.3891528248786926 0.17086264491081238 0.5002294912429905 -0.4994528307836471 -0.4993162865096737 -0.5009995727934007 
0.12335953116416931 -0.37909960746765137 0.19340190291404724 0.4997351589717904 -0.499908382637143 -0.4991295796676585 -0.5012245430516568 
0.11923786997795105 -0.38911524415016174 0.2153615951538086 0.4990234673865607 -0.5006579644999711 -0.4984772020389291 -0.5018342959859167 
0.11709287762641907 -0.38054731488227844 0.23706169426441193 0.49836886499845406 -0.5012599698062796 -0.49805288922293217 -0.5023049239323164 
0.11571168899536133 -0.3764761984348297 0.2586779296398163 0.4974688264471398 -0.5016845557662386 -0.498189023311432 -0.502638110643173 
0.11472278833389282 -0.3746604323387146 0.280239075422287 0.4965531931157896 -0.5021190698438687 -0.49867394074228166 -0.5026287565691053 
0.11402256786823273 -0.37902307510375977 0.3016974925994873 0.4955864288439553 -0.5025767203346719 -0.4993766996190719 -0.5024277496326246 
0.11024009436368942 -0.4021170735359192 0.3243648111820221 0.49466806714802064 -0.5029814246700517 -0.5000202263348893 -0.5022877293314385 
0.10267999768257141 -0.4216535687446594 0.34402579069137573 0.49431312538360495 -0.5032079703090223 -0.5003791110828689 -0.5020528038791183 
0.09657035768032074 -0.42385295033454895 0.36171582341194153 0.49451126278334356 -0.5032746861941396 -0.5007272236912931 -0.5014433653674394 
0.09555249661207199 -0.4166543185710907 0.3815775513648987 0.4945174127393732 -0.5033478014196902 -0.5012191257644656 -0.5008721466316783 
0.09998461604118347 -0.40989112854003906 0.4009338617324829 0.4947937869467891 -0.5030298699334748 -0.5013053381481136 -0.5008323235353049 
0.11036836355924606 -0.39898037910461426 0.4149918556213379 0.4957651841984943 -0.5019735340366613 -0.5012880585278042 -0.5009488353522766 
0.12231574207544327 -0.38585060834884644 0.4281861484050751 0.4968445638216935 -0.5004213454891778 -0.501394572170882 -0.5013256819445921 
0.13025988638401031 -0.3680587410926819 0.4483059346675873 0.49920165418097306 -0.49812842890623404 -0.5019440326047937 -0.5007174501760698 
0.12635955214500427 -0.3502369225025177 0.4762180745601654 0.5005138200804315 -0.4962237061050705 -0.5031618059926382 -0.500076140600678 
0.12115957587957382 -0.33465203642845154 0.5056283473968506 0.49908546771793827 -0.4975310709124153 -0.5031235446765121 -0.5002431690504666 
0.11388257145881653 -0.3390798568725586 0.5368496179580688 0.49762240203086033 -0.4985070832953137 -0.5031827591723843 -0.500669295816213 
0.1045447438955307 -0.3292336165904999 0.5723928809165955 0.4963639196461843 -0.49940991692738307 -0.5031726848462764 -0.5010287849741274 
0.09010647982358932 -0.32488012313842773 0.6056769490242004 0.4956478662678732 -0.4999531283862412 -0.5029582083890773 -0.5014111114594137 
0.07297854870557785 -0.3267557621002197 0.6323903799057007 0.4952833699047813 -0.500966938598171 -0.5032960499837414 -0.5004194200848957 
0.05285324901342392 -0.32937300205230713 0.6413179636001587 0.49525646811544405 -0.5020558866997621 -0.503507493443544 -0.49914038252392606 
0.028807083144783974 -0.33188769221305847 0.6616376638412476 0.4955818722082586 -0.5026146014548939 -0.5034888025511356 -0.4982732142595255 
0.0014404415851458907 -0.3329412639141083 0.6807220578193665 0.4963419725612096 -0.5028217411498016 -0.5030802389626885 -0.49772001774730085 
-0.03004649095237255 -0.3305012881755829 0.7012206315994263 0.4972240422862831 -0.5023891367520028 -0.5027340882104887 -0.49762620871215635 
-0.06452230364084244 -0.3230639100074768 0.7245633006095886 0.4982903389558443 -0.5015398759308435 -0.5024426023702303 -0.4977106812978548 
-0.0979275107383728 -0.3108152747154236 0.7501170635223389 0.49934405817537736 -0.5006468228062466 -0.5021018549731837 -0.4978975774307845 
-0.12856069207191467 -0.29269301891326904 0.7756381630897522 0.4998765940062767 -0.5001186089727548 -0.501799734341089 -0.4981985491137576 
-0.15319880843162537 -0.2804248631000519 0.8005925416946411 0.5002014226790776 -0.5000343885330861 -0.5013300531875567 -0.49842985946382784 
-0.17724080383777618 -0.2563585340976715 0.8256813883781433 0.5002108837502741 -0.4999267101353094 -0.5007254507105343 -0.49913563215000833 
-0.20081163942813873 -0.2328340709209442 0.8508709073066711 0.5002506959005233 -0.4998492235019395 -0.5004881740507001 -0.4994112360079079 
-0.22395050525665283 -0.20986129343509674 0.8761058449745178 0.5003134984152909 -0.49977091663723106 -0.5004383314239205 -0.49947663671955345 
-0.24665048718452454 -0.18745706975460052 0.9013045430183411 0.5003898645258065 -0.4996879747369776 -0.5004721183491629 -0.4994492668311809 
-0.268830269575119 -0.16568191349506378 0.9263076186180115 0.500484225167763 -0.4995911521238764 -0.5005381969027436 -0.4993853567327661 
-0.29030776023864746 -0.14463922381401062 0.9508424997329712 0.5006177102012743 -0.4994562633100354 -0.500610625255098 -0.49931388039479696 
-0.3102914094924927 -0.12470806390047073 0.9740999937057495 0.5008277366946093 -0.499244294159401 -0.50067444776715 -0.4992512496325834 
-0.33140066266059875 -0.10469233989715576 0.9994688034057617 0.5783628614652883 0.001389322194419788 -0.5777191668299803 -0.5759644386060632 
-0.3514549732208252 -0.08530987054109573 1.0234880447387695 0.5579779964458443 -0.25810424365201634 -0.5580595889573177 -0.5573259818668889 
-0.3653225004673004 -0.06932371854782104 1.0405383110046387 0.5339688291803851 -0.38228360115659193 -0.5336798343682865 -0.5328436657586489 
-0.36797842383384705 -0.05764524266123772 1.043444275856018 0.5200910631903409 -0.4400964515795373 -0.5179346011297341 -0.5172660323752412 
-0.3745461106300354 -0.04545419290661812 1.051619291305542 0.5355919531052306 -0.3922884100644969 -0.5287346432478603 -0.5288579583664708 
-0.3709165155887604 -0.03723401576280594 1.0467253923416138 0.5224504131722361 -0.4429773973800664 -0.5150404042111428 -0.515315411390505 
-0.3873479664325714 -0.0374738834798336 1.0672112703323364 0.5760740604370079 -0.17672569921131687 -0.5637477677354482 -0.5648850843341404 
-0.3891617953777313 -0.028499804437160492 1.0694526433944702 0.5466295061061806 -0.34257110085376025 -0.5400950170784514 -0.5404984703410209 
-0.37986862659454346 -0.023659415543079376 1.057258129119873 0.5298127918249196 -0.41812567755697494 -0.5210626656707837 -0.5224586316927515 
-0.37093791365623474 -0.018897587433457375 1.0460436344146729 0.5233905801005823 -0.45122392941394857 -0.509922164655226 -0.5122876654571538 
-0.36425235867500305 -0.013649757020175457 1.0381262302398682 0.5199971823138405 -0.4673686088830211 -0.5044289742378689 -0.506676350114891 
-0.35931718349456787 -0.008114086464047432 1.0327260494232178 0.5176951504733817 -0.47591389198345346 -0.5018917278983167 -0.5035895074966776 
-0.3719889521598816 0.004659339319914579 1.049584984779358 0.5619558342442186 -0.2969724464787295 -0.5452837744023923 -0.546514969387668 
-0.37078773975372314 0.010099021717905998 1.0492215156555176 0.5357230207428059 -0.39908164733728146 -0.5260759592630605 -0.5262877244342827 
-0.36358514428138733 0.012680220417678356 1.0412124395370483 0.5241261534621535 -0.44450597082450005 -0.5132734332480756 -0.5140589459196961 
-0.3785927891731262 0.02530743181705475 1.0614020824432373 0.5848906508438318 -0.08401318452577201 -0.5698005122403696 -0.5711147762332276 
-0.3884916305541992 0.02809244394302368 1.0723680257797241 0.5683990989629837 0.21849616796571122 -0.5603730989308553 -0.5613945839398504 
-0.3953312933444977 0.03477223962545395 1.0826278924942017 0.5718995142213349 -0.15437272224000448 -0.5679608015434646 -0.5714197547965215 
-0.3865232765674591 0.033282238990068436 1.072358250617981 0.5488311932120878 -0.3226054472636021 -0.5437214492412059 -0.5468793581662137 
-0.3982912600040436 0.012165673077106476 1.087469458580017 0.580400309768603 0.10469245334693683 -0.5689030519087983 -0.5731703831859811 
-0.40022802352905273 0.016944579780101776 1.0905418395996094 0.5674863278918911 -0.20948135543692323 -0.5610423303425869 -0.5650737411558302 
-0.38653838634490967 0.015130053274333477 1.0730105638504028 0.5434574668005662 -0.35652410693961856 -0.5352718249786316 -0.5394706816256691 
-0.3760768473148346 -0.015991758555173874 1.0591511726379395 0.5313819684126003 -0.42111357842232033 -0.5173225068349638 -0.5221819430392893 
-0.36692118644714355 -0.011965972371399403 1.0474923849105835 0.5244233956013821 -0.4523528572354863 -0.5080190231376738 -0.5121266121058853 
-0.36022868752479553 -0.007271732669323683 1.0393996238708496 0.5205605854841368 -0.46785420536873606 -0.5034771177965278 -0.5065963987381895 
