0.5780003070831299 -0.39428284764289856 -0.03469007462263107 0.5017754075162635 -0.5183714972609074 -0.46697831945959256 -0.5113156367588104 
0.5969390273094177 -0.3666999936103821 -0.033409107476472855 0.49975917943452813 -0.5107303188794504 -0.4821140485442683 -0.506913550957633 
0.6083283424377441 -0.34127384424209595 -0.019594820216298103 0.49924948412939546 -0.5065116553210057 -0.48967526812490614 -0.5043947138970716 
0.6290206909179688 -0.31624478101730347 -0.02662906050682068 0.4991864830111192 -0.50391727555693 -0.49440206413516075 -0.5024408756790821 
0.6415359973907471 -0.2917526066303253 -0.030167169868946075 0.4995594888791537 -0.502420735243944 -0.4962482227947358 -0.5017483664555368 
0.6191446185112 -0.26931530237197876 -0.032597411423921585 0.4999957799629452 -0.5012837309853725 -0.4969948801814346 -0.5017119992008088 
0.642619788646698 -0.24606667459011078 -0.02298283763229847 0.5007478678523257 -0.4995592532414307 -0.4974299453870909 -0.5022505099792431 
0.644727885723114 -0.22346477210521698 -0.029628731310367584 0.5011468284651072 -0.49936922392224764 -0.4981287770967327 -0.5013481384694374 
0.6224251985549927 -0.20089656114578247 -0.03256387636065483 0.5015320248891817 -0.49880329819416924 -0.49812110217489974 -0.501533912401982 
0.6154265403747559 -0.17591173946857452 -0.008053183555603027 0.5015227179501126 -0.49827569848459324 -0.49802686920845085 -0.5021608599104985 
0.5922869443893433 -0.19940197467803955 -0.02273448556661606 0.5008341670602883 -0.49913826047743637 -0.4989415122617739 -0.5010823299364289 
0.5676555037498474 -0.17439709603786469 -0.00721763027831912 0.5010003183271774 -0.4987704871791358 -0.49872959852705095 -0.5014932399426747 
0.5430086255073547 -0.14936767518520355 0.00031256204238161445 0.5005637967836528 -0.499382778526847 -0.4993032611134125 -0.5007484191705965 
0.5183460712432861 -0.17428690195083618 0.024424724280834198 0.5003467846605246 -0.49969235940179657 -0.4995901325493875 -0.5003702034440357 
0.4936850965023041 -0.19921228289604187 0.03464145213365555 0.5153785180123024 -0.45141732697754283 -0.5148531031302545 -0.5152995849727037 
0.46901845932006836 -0.1741606742143631 0.059195250272750854 0.5079457072533335 -0.4759187663335129 -0.5075517623956087 -0.5078225032662588 
0.4672500193119049 -0.16341052949428558 0.06455361098051071 0.5040717342833478 -0.4880208146881835 -0.503758202578963 -0.5039593678681569 
0.4425714612007141 -0.13832546770572662 0.06236980855464935 0.5021172522675952 -0.4940368372966308 -0.501811969066609 -0.5019866692161011 
0.4183112680912018 -0.1633881777524948 0.08656594902276993 0.5011222503668916 -0.4970377256370171 -0.5008402202934196 -0.5009880869015179 
0.3938539922237396 -0.1884186565876007 0.06393985450267792 0.5007322573899277 -0.49841324158367617 -0.5003516698738858 -0.5004994040732249 
0.37007462978363037 -0.19652917981147766 0.08755114674568176 0.5004979846777812 -0.4991257810273947 -0.5001082319610985 -0.5002669071325996 
0.3460492491722107 -0.22189681231975555 0.07066834717988968 0.5005377613977131 -0.4993310813317347 -0.4999600236617827 -0.5001703663464644 
0.32196617126464844 -0.19723668694496155 0.04436875507235527 0.5005188140946238 -0.49946167186803614 -0.4998829662293578 -0.5001359566616227 
0.2982277274131775 -0.22288207709789276 0.06752774119377136 0.5005102989127023 -0.4995237992462813 -0.4998291873516476 -0.5001361795953879 
0.2746724486351013 -0.19863678514957428 0.06220962107181549 0.5006579280779473 -0.4994923834276803 -0.49976403548468745 -0.5000848995785538 
0.2513202428817749 -0.22474020719528198 0.08457524329423904 0.5007649933409934 -0.4993611059267206 -0.49967836153195594 -0.5001944045554464 
0.2281065285205841 -0.2464384138584137 0.10672654211521149 0.5008953427136733 -0.499233116996372 -0.4995967057793494 -0.5002732074739368 
0.2045188695192337 -0.2729153037071228 0.08990424871444702 0.5009971683039025 -0.49913262846918094 -0.4995291713355899 -0.5003389486475109 
0.1856423169374466 -0.3010774552822113 0.1119675263762474 0.5009496994345966 -0.4991432341079635 -0.49949581137292676 -0.5004091974589712 
0.16750523447990417 -0.3325568735599518 0.1342037171125412 0.500888320514961 -0.4992104232675869 -0.49943438406562807 -0.5004649235317947 
0.16054119169712067 -0.32541659474372864 0.14313337206840515 0.5008730234286646 -0.49922005739323116 -0.499471325971209 -0.5004337550868144 
0.15948843955993652 -0.321332186460495 0.14431209862232208 0.5006860015871605 -0.49927310450541973 -0.49946879264377636 -0.500570494643013 
0.14623060822486877 -0.35076215863227844 0.1659967303276062 0.5005804159369065 -0.4992878248989623 -0.4994426793465145 -0.5006874525442709 
0.1402062326669693 -0.34474319219589233 0.18754921853542328 0.5001200964126429 -0.4995527762819353 -0.499306075926264 -0.5010193164103908 
0.13079401850700378 -0.3606259822845459 0.2038395255804062 0.49984985243455315 -0.4998454627857887 -0.49907389585211953 -0.5012283759251903 
0.12631851434707642 -0.3491748869419098 0.22697140276432037 0.49900059031248706 -0.5007747314238125 -0.49895055653971504 -0.5012698089491393 
0.123759925365448 -0.34801793098449707 0.24955396354198456 0.4985231883300368 -0.5009839418113272 -0.4985484372864823 -0.5019354305323004 
0.124460369348526 -0.3402128219604492 0.27265340089797974 0.49774232257942363 -0.5011455525142973 -0.4984523938886663 -0.5026439361367435 
0.14091846346855164 -0.3256324529647827 0.2794395983219147 0.5622361700192031 -0.20427808920449106 -0.5642865604506709 -0.5689829778542158 
0.13861031830310822 -0.35405343770980835 0.3046586811542511 0.5357470872662384 -0.35888739937199704 -0.5372094177378176 -0.5436735551335389 
0.13368265330791473 -0.33948180079460144 0.32868534326553345 0.5179236796722975 -0.43192201842751177 -0.5193067994596484 -0.5248989236673935 
0.13643643260002136 -0.33237841725349426 0.3493289649486542 0.5072424223570319 -0.4665646936723315 -0.5102423466718835 -0.5144659942528595 
0.13759161531925201 -0.33667001128196716 0.3703664541244507 0.5018622205754484 -0.48315566425760015 -0.5058322353419104 -0.5087520666728377 
0.13969209790229797 -0.33252769708633423 0.39380159974098206 0.49942044062045027 -0.4912077737622312 -0.5036417055355148 -0.5056077322700929 
0.13971534371376038 -0.319679319858551 0.4235801696777344 0.49864843448766755 -0.49495065208865735 -0.5026811518429499 -0.5036717684780995 
0.1391075998544693 -0.3029366731643677 0.44954943656921387 0.49864368154039573 -0.4966630919669873 -0.5024520890636316 -0.5022172340065848 
0.13691899180412292 -0.2858203947544098 0.47754454612731934 0.4987508116874631 -0.4971123420589791 -0.5029024922175049 -0.5012145553903596 
0.13385987281799316 -0.2691211700439453 0.5067269802093506 0.4979400174484431 -0.49775097801350404 -0.5031546082965727 -0.5011338574273015 
0.12625563144683838 -0.3013148009777069 0.5357390642166138 0.49675668904255244 -0.49853717530718744 -0.5031303039176981 -0.5015509685045944 
0.12216510623693466 -0.29022830724716187 0.5630038976669312 0.541856025970461 -0.3242118553332557 -0.5489176030983357 -0.5476935137370583 
0.10870061814785004 -0.33060139417648315 0.5943105816841125 0.5204810429255928 -0.415099299072687 -0.5275981511342264 -0.5276667952261135 
0.09687460213899612 -0.32677578926086426 0.6219279170036316 0.5087880217065289 -0.45865933341278725 -0.515775727224358 -0.5145306249850236 
0.08131953328847885 -0.32896122336387634 0.6456155776977539 0.502001177400615 -0.4805164598839221 -0.5096525827190308 -0.5072997088475812 
0.06101575866341591 -0.33248260617256165 0.6661124229431152 0.4987729780426265 -0.49174629268963627 -0.5065191163250954 -0.5028414111802378 
0.03763426095247269 -0.34621769189834595 0.6823645830154419 0.5737772783256416 0.0031498810153813258 -0.5816523566589878 -0.5765849886355471 
0.008430331945419312 -0.3463584780693054 0.7070953249931335 0.5557469716130328 -0.2597145180993591 -0.562969003810709 -0.5538588027464567 
-0.022432703524827957 -0.33970358967781067 0.7306951284408569 0.53213682731632 -0.38350121994599345 -0.5375551572256588 -0.5298977866095997 
-0.05399980768561363 -0.33631575107574463 0.7528638243675232 0.549930719198456 -0.30283850874194845 -0.553588047220486 -0.5471794181796594 
-0.08618456870317459 -0.3213733434677124 0.7770107388496399 0.5278972049531642 -0.4045909433806232 -0.5312866191523449 -0.52475254915692 
-0.11700128763914108 -0.30223822593688965 0.8012591004371643 0.515044415050637 -0.4532674519256945 -0.5170344285821008 -0.5118137036175526 
-0.14480534195899963 -0.2795604467391968 0.8258039951324463 0.5081479365781637 -0.4768804807007215 -0.509037898982518 -0.5052238108773844 
-0.17324210703372955 -0.2566846013069153 0.8506538271903992 0.5534452310133287 -0.28876943008199574 -0.5537589295628189 -0.5510550248824191 
-0.19789966940879822 -0.2329908013343811 0.8779149055480957 0.5740783779217065 0.11501503320361492 -0.5744194075443698 -0.5720558559933889 
-0.22162027657032013 -0.20939810574054718 0.9032824039459229 0.5650496212077623 -0.20265215515321744 -0.5662671803518533 -0.5647942191994201 
-0.24463346600532532 -0.186557337641716 0.9284756779670715 0.539575732217328 -0.35604174625585655 -0.5399480217760626 -0.5390254520014165 
-0.26702964305877686 -0.1645171046257019 0.9534751176834106 0.521651877042896 -0.42932869960465464 -0.5217628670255061 -0.5208835738115799 
-0.2885473966598511 -0.14338944852352142 0.97783362865448 0.5115352288677844 -0.4648058026693491 -0.5115355973888964 -0.510508186061762 
-0.3080688416957855 -0.1236407607793808 1.0003043413162231 0.5063685154475526 -0.48204692737364846 -0.5061726642257041 -0.504986059573647 
-0.3236808776855469 -0.1058020293712616 1.0183818340301514 0.5042034205272355 -0.4900967589491533 -0.5034229419726924 -0.5021448188438574 
-0.343930184841156 -0.08642923831939697 1.0420770645141602 0.561959838567461 -0.24394395860696813 -0.5595449061231726 -0.5582132056195063 
-0.35704419016838074 -0.07067926228046417 1.0574839115142822 0.536298268513018 -0.37494584372669426 -0.5352933765334409 -0.5340981019451803 
-0.3582669496536255 -0.05927792564034462 1.0569816827774048 0.5216441033576216 -0.4362897399461213 -0.5187037640717097 -0.5181554760762536 
-0.3552412688732147 -0.049730926752090454 1.051042914390564 0.5168561478409363 -0.4625401650382685 -0.5089983132214401 -0.5097421262786984 
-0.3742487132549286 -0.07250954955816269 1.0743778944015503 0.5853064973432519 0.029599289794903234 -0.5721110654240955 -0.5737849031045671 
-0.3866961598396301 -0.058039724826812744 1.0892131328582764 0.5638848899356459 -0.24478405594625005 -0.5570147660514679 -0.5584345505584304 
-0.3812475800514221 -0.04986536130309105 1.0794724225997925 0.5388724202212484 -0.37451866255771993 -0.5328275681675065 -0.534272466744799 
-0.3713187873363495 -0.043209366500377655 1.064292073249817 0.5276310598894977 -0.43105063466950444 -0.51601317439318 -0.5191639614260379 
-0.36359703540802 -0.03634371981024742 1.0528910160064697 0.52275206531126 -0.4569518926917145 -0.5070441676932806 -0.5107166122092568 
-0.3614688813686371 -0.07465469837188721 1.0482072830200195 0.5196149606500592 -0.47023489186011896 -0.502844294266471 -0.5059911608611307 
-0.35903382301330566 -0.06386259943246841 1.0435785055160522 0.5166949547464607 -0.47816143104837744 -0.5010015104125788 -0.5033740718011164 
-0.35698556900024414 -0.05371192470192909 1.0398858785629272 0.5152827044846043 -0.48205060408083733 -0.5001193466383158 -0.5019876379776657 
-0.3743613362312317 -0.037323758006095886 1.0614062547683716 0.5769178248681025 -0.19255107779378638 -0.560477339442197 -0.5620987971537611 
-0.3791443407535553 -0.02706858329474926 1.0672509670257568 0.5462114497937436 -0.35016229799039494 -0.537806179997485 -0.538334403449023 
-0.37213319540023804 -0.021512389183044434 1.0575381517410278 0.5287939789932353 -0.4224747783972991 -0.5199760561861347 -0.5210728263801219 
-0.3644179403781891 -0.016475459560751915 1.047353744506836 0.5223367674275612 -0.4538800347257603 -0.5094359323964373 -0.5114999963382614 
-0.3584875166416168 -0.01112162135541439 1.0399128198623657 0.5192191059908161 -0.4689343539816463 -0.50417428735041 -0.5062809295288734 
-0.35407671332359314 -0.0055588907562196255 1.0347392559051514 0.5171693563459738 -0.47683253727603364 -0.5017349735652521 -0.5034169291482625 
-0.3705281913280487 0.008772192522883415 1.0569740533828735 0.5881727682368926 0.021645186613879548 -0.5709785169376045 -0.5723354032354934 
-0.3798103928565979 0.01868792250752449 1.0698882341384888 0.5645826434226678 -0.24907435664136013 -0.5557661238415883 -0.557074877552077 
-0.3745708167552948 0.011336364783346653 1.0634137392044067 0.539250661950558 -0.3764137338702606 -0.5320262931291342 -0.5333567736131288 
-0.3645995855331421 0.012503746896982193 1.0509772300720215 0.5271510230778805 -0.4325683705606743 -0.5160849991915167 -0.5183171589557105 
-0.3564678728580475 0.014538274146616459 1.041282057762146 0.5220191180189441 -0.4581776526928626 -0.5074653089761723 -0.5099492515744094 
-0.37159109115600586 0.027142560109496117 1.0621449947357178 0.5880432511609676 0.033088896551004686 -0.5703033044374772 -0.5725944469140184 
-0.37996184825897217 0.022119492292404175 1.0738270282745361 0.5653711434853698 -0.24378663705198492 -0.5562220581390167 -0.5581581924047389 
0 0 0 0 0 0 0 
0 0 0 0 0 0 0 
0 0 0 0 0 0 0 
0 0 0 0 0 0 0 
0 0 0 0 0 0 0 
0 0 0 0 0 0 0 
