0.5007966756820679 -0.6008230447769165 -0.027464333921670914 0.5251809391742402 0.5360144887656377 0.5495482064592164 0.36724680766323037 
0.5255521535873413 -0.5762491226196289 -0.05248164385557175 0.28812646631314814 -0.289100588272623 0.8663755417100363 0.2877453909221882 
0.5503352284431458 -0.5510304570198059 -0.0774170458316803 0.4080419256299066 -0.40839147481858995 0.7075432405384752 0.4075546012401876 
0.5584276914596558 -0.5063887238502502 -0.08449964225292206 0.45811420051954344 -0.4581218953637424 0.6090608172489348 0.4574938569672073 
0.5638854503631592 -0.46129700541496277 -0.0885072872042656 0.4801130610233797 -0.4796325269630214 0.5613268309236922 0.4736626189588869 
0.57234126329422 -0.4210236072540283 -0.09569894522428513 0.4902097826540029 -0.48993952248334244 0.537294346333184 0.48059173806621597 
0.582137942314148 -0.38352394104003906 -0.10432799905538559 0.49501954236569506 -0.4950621127706622 0.5240581068926232 0.48500748218478645 
0.5960836410522461 -0.35042431950569153 -0.10922355204820633 0.5188805932646904 -0.4255185960438101 0.5392461092960462 0.5088324753425871 
0.6004195809364319 -0.33575528860092163 -0.08054357022047043 0.5738132227611998 0.0415086844575104 0.5920046176899344 0.5643987483444725 
0.6172935962677002 -0.31593671441078186 -0.09347410500049591 0.5500974532963273 0.2808473882979948 0.5700109729238237 0.5418533261958687 
0.6102513074874878 -0.2963366210460663 -0.1054668053984642 0.5421799270057992 0.32718399464967535 0.5563976052515516 0.5379714353638174 
0.6151614189147949 -0.27707722783088684 -0.11579450964927673 0.5213930307942625 0.4182281820049925 0.5336215099545791 0.5181530462419064 
0.5902050733566284 -0.2535902261734009 -0.12855155766010284 0.5098152433727545 0.46036809074741747 0.5192658629570428 0.5084413458933434 
0.6151290535926819 -0.22894832491874695 -0.10407150536775589 0.5043676611221751 0.48061682730413646 0.5105642729910715 0.5039294106036593 
0.6401007771492004 -0.20427897572517395 -0.10804618895053864 0.5022007162591163 0.4902025752934679 0.505323543385065 0.5021394151679838 
0.6151295900344849 -0.17956428229808807 -0.08361624926328659 0.5010853856049239 0.4949816298702655 0.5026206934738572 0.5012774290909171 
0.5901597738265991 -0.15489260852336884 -0.10169221460819244 0.5005475712321967 0.49736190086236026 0.5012831214780097 0.5007978640383681 
0.5652029514312744 -0.13021861016750336 -0.09473280608654022 0.500248997556232 0.4985708661668576 0.5005773291363266 0.5006000093970798 
0.5402493476867676 -0.10553991794586182 -0.07471410930156708 0.5001019770794695 0.49917655349417916 0.5002468127910711 0.5004736828797834 
0.5153077244758606 -0.08085283637046814 -0.050246935337781906 0.5000336752182808 0.4994818907316033 0.5000891928452067 0.5003948078051081 
0.49272531270980835 -0.0570472776889801 -0.06330833584070206 0.5000013564471102 0.49963922347784917 0.5000081939256771 0.5003509727388208 
0.5176346898078918 -0.033339980989694595 -0.04992539435625076 0.4998105462690319 0.4996877111447262 0.5001055837542864 0.5003958575637704 
0.5105820894241333 -0.010108509100973606 -0.02506096661090851 0.4997087136842368 0.4996749150369544 0.5001817978255257 0.50043416137878 
0.4970841109752655 0.010553930886089802 -0.002376764779910445 0.4996002969342933 0.49960635011788784 0.5002915210217265 0.5005011810363846 
0.49347570538520813 0.029680168256163597 0.009369726292788982 0.49938351185392116 0.4990743961046674 0.5005075399716552 0.5010319926638701 
0.49079689383506775 0.04673459380865097 -0.01164882630109787 0.49911228168302746 0.49857355002365966 0.500766736246137 0.5015416446910061 
0.487959623336792 0.0582602322101593 -0.027119290083646774 0.4981668615198881 0.4985575248099487 0.5016835895770562 0.5015812481421948 
0.48535650968551636 0.06810507923364639 -0.042745351791381836 0.4971206818615957 0.49764005441390924 0.5026834870238795 0.5025283233628698 
0.48384976387023926 0.08265361189842224 -0.0385889858007431 0.49622132924699336 0.4970473404870799 0.5035560432315129 0.503129849084797 
0.48316580057144165 0.09483413398265839 -0.02651945874094963 0.49648101795262545 0.4972007874972616 0.5033298694917039 0.5029483255785749 
0.50006103515625 0.10834445059299469 -0.01003364846110344 0.496673213800369 0.4970644858818404 0.5031654218033575 0.5030578235846093 
0.48785337805747986 0.12185277789831161 0.0009991206461563706 0.4965701538918157 0.49729869570506 0.5032937082206806 0.502799694490143 
0.48127347230911255 0.13368335366249084 -0.005404850002378225 0.4965924647703252 0.49715725238385694 0.5032663016707529 0.502944947223958 
0.4779551923274994 0.15296360850334167 -0.017910810187458992 0.3945997001574615 0.5260004170552801 0.5330558657255994 0.5324153283939566 
0.4748983681201935 0.15888729691505432 -0.028465623036026955 0.4067959257740473 0.5235830567956935 0.5293712970861166 0.5292862054044823 
0.47263458371162415 0.16590334475040436 -0.026268109679222107 0.451571067738316 0.5113353109029362 0.5174576586880252 0.5165823671696338 
0.4689129889011383 0.1780853271484375 -0.04895517975091934 0.39550240423394056 0.5252861768581877 0.5336393904654092 0.5318658492426338 
0.46689701080322266 0.1804695576429367 -0.050431426614522934 0.44561810014667946 0.5121847776584192 0.5202151059470743 0.518138500693718 
0.4660712480545044 0.180292010307312 -0.04700583964586258 0.4685170406084804 0.504309445527908 0.5144477809009268 0.5113777923775313 
0.46621596813201904 0.18015742301940918 -0.03760967776179314 0.4796708228142611 0.49980166362419626 0.5116747989844002 0.5082352790425406 
0.46684372425079346 0.1806943118572235 -0.026373719796538353 0.48549159104557754 0.497254962617269 0.5100359591281884 0.5068517905391289 
0.4661308526992798 0.180214986205101 -0.036739785224199295 0.4886884354915617 0.4958448892064173 0.5089476857081304 0.5062545921540105 
0.4725368916988373 0.1902283877134323 -0.012687839567661285 0.4054841930037342 0.5194450164990723 0.5335451723046069 0.5301782654625107 
0.46880021691322327 0.1912347674369812 -0.021531088277697563 0.45075089239334487 0.5084225337411047 0.5197507500991565 0.5178699817157227 
0.46863454580307007 0.16793952882289886 -0.04112023115158081 0.47104322259049297 0.5020786830964166 0.5141632511505688 0.5115382972935736 
0.46858635544776917 0.17802481353282928 -0.03297337144613266 0.4295952525948804 0.5151883338410523 0.5260908894672808 0.5227401607314546 
0.4780920743942261 0.16732555627822876 -0.006520954426378012 0.4624052463848916 0.5061002533125902 0.5158828643472599 0.513720538800549 
0.4732036292552948 0.16852357983589172 0.012663641944527626 0.4903699536159299 0.523588995871452 0.5334918054340185 0.4480829895541526 
0.47806602716445923 0.17490321397781372 0.0077399867586791515 0.3554811280321317 0.5914970765956031 0.6043359505300677 0.39817387519622366 
0.46964243054389954 0.17677843570709229 -0.01565336249768734 0.4381274409678973 0.5606293058340108 0.570749569052234 0.40985858090039584 
0.4710061252117157 0.1459098905324936 -0.036623213440179825 0.4658110703980784 0.5298476731302363 0.5400480683938883 0.4589439767521751 
0.47184205055236816 0.15738913416862488 -0.022603260353207588 0.45493789305113236 0.5232574420070306 0.5306598752596938 0.48747641957311305 
0.4722978472709656 0.16479380428791046 -0.005477797240018845 0.47517467972005345 0.5103595533994487 0.5177263989091226 0.49568288842711933 
0.4826867878437042 0.16144490242004395 -0.02799178659915924 0.5233887318312846 0.5434731270187558 0.5526110255629002 0.3540088276114235 
0.47078585624694824 0.16306094825267792 -0.03881166875362396 0.5089663827494724 0.5205070830114678 0.5317823320452549 0.4327044592910052 
0.45823249220848083 0.15721920132637024 -0.03711360692977905 0.5547439774300044 0.5634158594059662 0.5760487995949471 0.20733902035120133 
0.45855334401130676 0.16460773348808289 -0.014653080143034458 0.5285162057537577 0.5362091495335884 0.5489866185888528 0.3629931966614454 
0.462660014629364 0.1863485872745514 -0.04212310537695885 0.35320247106554886 0.5650023079088837 0.5761216727380478 0.4733964772707321 
0.46305757761001587 0.18952587246894836 -0.04906594753265381 0.42119294577148547 0.5357991585569052 0.5429935525265178 0.49058512618778294 
0.46332457661628723 0.1913536787033081 -0.03521537780761719 0.4563081615801057 0.5169273138231535 0.5261169365846108 0.49776498765761734 
0.4619688391685486 0.19148170948028564 -0.052282288670539856 0.47118092457629007 0.5071756917821281 0.5180087308962334 0.502422440478156 
0.4624062180519104 0.19218821823596954 -0.03777092695236206 0.4806360978003953 0.5016835062118885 0.513727887215213 0.5033748692411533 
0.46411386132240295 0.19430424273014069 -0.011759096756577492 0.486002560346986 0.4983322799247991 0.511017315552856 0.5043091842573152 
0.46444642543792725 0.19560538232326508 -0.00812689308077097 0.491189443320974 0.4981433463794517 0.5109335118024209 0.49953286553054616 
0.4478762149810791 0.19623863697052002 -0.03441254422068596 0.40193113596463703 0.6121701297252979 0.6281221574849526 0.2629860252765095 
0.4475841224193573 0.19913692772388458 -0.046643294394016266 0.4384224221491331 0.5803733633578723 0.5934331879890253 0.34465865759435205 
0.45044851303100586 0.20223985612392426 -0.060978613793849945 0.46656253487754135 0.542328371728452 0.5532841729762511 0.4267035999391088 
0.4555920660495758 0.20484939217567444 -0.035453010350465775 0.4784743901425596 0.5213236365857242 0.5318686798863917 0.4651877376615256 
0.45819327235221863 0.20596876740455627 -0.0315324142575264 0.4847985791819404 0.5091675659940994 0.5202570620476196 0.4848209120411325 
0.4602890908718109 0.20732146501541138 -0.01813621073961258 0.48765260473954714 0.5026931489471782 0.5146342753304458 0.49461712237589583 
0.4583626389503479 0.20748533308506012 -0.0329543836414814 0.4531544369972614 0.543042532425033 0.5565977511392213 0.4358380520719405 
0.45801472663879395 0.20863182842731476 -0.037652209401130676 0.4729979399700362 0.5195479298874742 0.5324980287357877 0.47200502828491414 
0.46106043457984924 0.20661792159080505 -0.016973864287137985 0.4915043232037168 0.5188563671719728 0.5317400611663371 0.45438318396258837 
0.4616148769855499 0.2067994922399521 -0.0031585271935909986 0.4913631151104418 0.5067648255577635 0.5202368218366646 0.48073417799409557 
0.46158838272094727 0.20655348896980286 -0.014582041651010513 0.49167730574439705 0.5013057298269562 0.5139401045622357 0.49275913099723667 
0.46163126826286316 0.2073606252670288 -0.016433902084827423 0.49129523058825364 0.4986467906732858 0.5112937434958358 0.4985570001659603 
0.4610191881656647 0.2069684863090515 -0.028008386492729187 0.4911401073519129 0.4970143674340249 0.5099749848950671 0.5016808031963987 
0.460664302110672 0.21582502126693726 -0.02788838930428028 0.39797431060560085 0.5225221938331898 0.5366545070692992 0.5297064706910375 
0.45967328548431396 0.21420818567276 -0.04445699602365494 0.44656822592614015 0.5100023607411195 0.5218331334122871 0.5178461089018427 
0.4580044150352478 0.2118503451347351 -0.053884971886873245 0.46795358801100495 0.5030549406190268 0.5162138736216917 0.511349589680976 
0.45876654982566833 0.21194884181022644 -0.03579633682966232 0.4786743873856073 0.4992315463111256 0.5132295713602835 0.5081673947727814 
0.45738744735717773 0.20960505306720734 -0.05124259740114212 0.4853975457078336 0.49656369391358096 0.5104085784895487 0.50724432329203 
0.4582591950893402 0.209281325340271 -0.037695735692977905 0.4876059387243183 0.4956394629962267 0.5101642803682701 0.506275002620032 
0.4583219885826111 0.20837359130382538 -0.04025038704276085 0.48976412906144895 0.494708255708672 0.5089945491685688 0.5062799507535816 
0.46077993512153625 0.2094999998807907 -0.013025126419961452 0.4903656902040604 0.4945922894520443 0.50887512101751 0.5059308928052282 
0.4893905222415924 0.20894716680049896 -0.032675981521606445 0.4320221368306094 0.5118350063571933 0.5262505139570235 0.5238723089795976 
0.4718964397907257 0.20454511046409607 -0.04936307296156883 0.47417078586455724 0.5170203636295371 0.5309030353893573 0.47538823759043114 
0.46493473649024963 0.2050386518239975 -0.019697552546858788 0.4819172635574784 0.5060880092966655 0.5203718168948935 0.4907584437510144 
0.4626200795173645 0.20559516549110413 -0.022739693522453308 0.4866867991980035 0.5005608821099303 0.5142523102598242 0.4981157738720632 
0.4639606475830078 0.20209679007530212 -0.02850690670311451 0.3500954737529202 0.5347558123092554 0.5492252342968335 0.5383502786019296 
0.46438586711883545 0.20281070470809937 -0.021203795447945595 0.42453468264053845 0.5178350307291548 0.5279769868010197 0.5223576223178416 
0.46380606293678284 0.20323605835437775 -0.02010607160627842 0.45788284945688756 0.5068904390974768 0.5186572595234679 0.5141984306358925 
0.4632050395011902 0.20351387560367584 -0.017412859946489334 0.47447231874805607 0.5010549491346817 0.5136923720547584 0.5098432147064823 
0.46361836791038513 0.2128242552280426 -0.008567409589886665 0.3930948631440631 0.5228211389508742 0.5366215767313296 0.5330776384563912 
0.462011456489563 0.21179527044296265 -0.027442993596196175 0.4444652235812516 0.5099302362322564 0.5215970499493048 0.519959937579008 
0.4611470699310303 0.21129703521728516 -0.031132269650697708 0.4672585439102632 0.5028489915446581 0.5157621339423577 0.5126419472074117 
0.46162161231040955 0.2118416130542755 -0.015065537765622139 0.47872355685091966 0.49916665990086534 0.5126518009574397 0.5087676608575982 
0.4647962749004364 0.19797411561012268 0.009232471697032452 0.48504006464455196 0.4969307975577132 0.5105189427298668 0.5071156941391608 
0.46608150005340576 0.18566618859767914 -0.011527269147336483 0.4895782485291974 0.4959172810765166 0.5081082384196455 0.506167172924957 
0.466340571641922 0.18829290568828583 -0.009090712293982506 0.49115611473891124 0.4961295613151447 0.5075418920754191 0.5049973832925508 
