0.5007966756820679 -0.6008230447769165 -0.027464333921670914 0.46862607547739965 0.5072563392836164 0.5203952521052679 0.5022642623415783 
0.5255521535873413 -0.5762491226196289 -0.05248164385557175 0.28812646631314814 -0.289100588272623 0.8663755417100363 0.2877453909221882 
0.5503352284431458 -0.5510304570198059 -0.0774170458316803 0.4080419256299066 -0.40839147481858995 0.7075432405384752 0.4075546012401876 
0.5417717695236206 -0.5117680430412292 -0.08977533131837845 0.45811420051954344 -0.4581218953637424 0.6090608172489348 0.4574938569672073 
0.5669050812721252 -0.4868387281894684 -0.11486473679542542 0.5354558458039085 -0.5352294111445827 0.6244870305883088 0.19191785551959792 
0.5863741040229797 -0.4562984108924866 -0.13347762823104858 0.5251533878425821 -0.5250440923711366 0.5703957665316607 0.35098616757129764 
0.5854454040527344 -0.4092412292957306 -0.12903475761413574 0.5141012254471965 -0.5144354568906837 0.5390103033018369 0.4248811405814881 
0.6012601256370544 -0.3775205910205841 -0.11920446157455444 0.5483881232453871 -0.3607270905560385 0.5717248577828471 0.49221653712117497 
0.6009873151779175 -0.36456647515296936 -0.08845587819814682 0.5783284062119792 0.07546304477180117 0.6027387267819153 0.5445618520236217 
0.6192629933357239 -0.3417881429195404 -0.07823000103235245 0.5570583843616402 0.2495193092047604 0.5809261689121014 0.5384708506683414 
0.6441240906715393 -0.31722328066825867 -0.07040055096149445 0.5328671876975913 0.37847994494260034 0.5464072011545127 0.5236837424228463 
0.6190402507781982 -0.29266300797462463 -0.09579163044691086 0.5176844366083192 0.4401308479790483 0.524612716555969 0.5129026792467922 
0.5939521193504333 -0.2681037187576294 -0.12116990238428116 0.5107071291925789 0.46498600293174586 0.5142556086308854 0.508436244047482 
0.5810758471488953 -0.24433062970638275 -0.13384923338890076 0.5054097002160801 0.4824514586526735 0.5072340786727689 0.5044950092958177 
0.6059964895248413 -0.21968545019626617 -0.10936371237039566 0.5019826505564906 0.49171074945799875 0.504440676628565 0.5017704267593388 
0.5809817314147949 -0.1950441300868988 -0.10316625982522964 0.5009767398858151 0.4957305505718715 0.502223890328038 0.501043602201306 
0.5559561848640442 -0.17038682103157043 -0.07870379835367203 0.5004685543001673 0.4977383788843398 0.5010829391322243 0.5007031260666359 
0.5309200286865234 -0.14574424922466278 -0.054250359535217285 0.5002259691744579 0.49874081611605564 0.500517037272781 0.5005140092974849 
0.5066694021224976 -0.12070081382989883 -0.031062280759215355 0.5001076151726273 0.4992465638156278 0.500224023052722 0.5004209912919176 
0.4881313741207123 -0.0971534326672554 -0.009121947921812534 0.5002948982076763 0.4993562823172166 0.49983250505553367 0.500515519267494 
0.48175522685050964 -0.07711868733167648 0.008719041012227535 0.500287699943275 0.49915976553799213 0.49971401701799906 0.500836946469866 
0.5068674683570862 -0.05211396887898445 0.008945421315729618 0.4997673035419233 0.4987206723344836 0.500181756041552 0.5013267838644425 
0.4938836693763733 -0.03161076456308365 -0.015660768374800682 0.49994498870239956 0.4992033569002202 0.5000019209703227 0.5008483760150336 
0.48939844965934753 -0.01106294896453619 -0.0013742216397076845 0.4990140667980943 0.49934186514174705 0.5008276043244473 0.5008137114746594 
0.48745566606521606 0.007507216650992632 -0.019041236490011215 0.49909224227677224 0.4989248509637878 0.5007653833380015 0.5012134850941767 
0.48645633459091187 0.02254682220518589 -0.03136156126856804 0.5162378597583416 0.5171337390150308 0.5196624943939177 0.44274378600354447 
0.5118058919906616 0.041420601308345795 -0.005906042642891407 0.5079880830980226 0.5068319211877466 0.5105039169391088 0.47376709666814343 
0.49526089429855347 0.0585329607129097 -0.029370734468102455 0.5031704558286475 0.5027735643801782 0.50611099399645 0.487739579178856 
0.48862534761428833 0.07443534582853317 -0.023586023598909378 0.5002818349202436 0.5006534004309559 0.504242553967465 0.49477641925835897 
0.48460283875465393 0.08836979418992996 -0.034410592168569565 0.49876122376827375 0.4992227828526411 0.5034164940746224 0.49858368228378136 
0.4819459319114685 0.10106556117534637 -0.040937721729278564 0.4974217600359335 0.4985059643057469 0.5035501637143083 0.5005003784390629 
0.48095473647117615 0.11680352687835693 -0.031181426718831062 0.4650941633770695 0.5078425004450523 0.5138572752048899 0.5115995647508969 
0.47890573740005493 0.1299283504486084 -0.021976914256811142 0.4811811542156783 0.5026520581978398 0.5083479060300216 0.5073342208564643 
0.47666290402412415 0.14101062715053558 -0.015542780049145222 0.48858316994776696 0.4998857216986473 0.5061021550031618 0.5052339655909621 
0.4761669933795929 0.15083666145801544 0.002116292482241988 0.4919851781965966 0.49826247552142416 0.5052588704135834 0.5043793847794683 
0.475482314825058 0.17041879892349243 0.004112656228244305 0.37828456714657616 0.5290661858666893 0.5373219359744753 0.5369123712039454 
0.47239771485328674 0.17665548622608185 -0.01707969792187214 0.4390203426217309 0.5142158804063879 0.5206634050915486 0.5212991326490533 
0.46995097398757935 0.18222898244857788 -0.03776323422789574 0.4344502804210301 0.5147795261226121 0.5232759468011405 0.5219552440836639 
0.46824681758880615 0.18392105400562286 -0.026636430993676186 0.4636959722525134 0.5059517914008674 0.5154122143100788 0.5131754860036001 
0.4579295814037323 0.13367748260498047 -0.032617926597595215 0.5333787116199535 0.5587697690671212 0.5711272719172118 0.2776637074587128 
0.46104007959365845 0.14418818056583405 -0.043561119586229324 0.5170262109218261 0.5298879718234771 0.54240705015415 0.39711110092730323 
0.46654611825942993 0.15292567014694214 -0.017915114760398865 0.5061129152941763 0.5155123565671312 0.5248075855664062 0.45019298676344616 
0.4674854278564453 0.1583690345287323 -0.03747866302728653 0.5005961653016389 0.5063387766890579 0.5150566794427639 0.47722231660696335 
0.4956798553466797 0.15962901711463928 -0.04837731271982193 0.4965384422551926 0.5017222022647562 0.5111167632914365 0.49039174279332587 
0.4791145622730255 0.1614426076412201 -0.046572934836149216 0.49425710203704815 0.49868967281552823 0.509395166002738 0.49752898625720654 
0.47150877118110657 0.16446197032928467 -0.041703496128320694 0.49312554070157727 0.4971503852075083 0.5085493080356716 0.5010452044399218 
0.4687994122505188 0.16682901978492737 -0.04274142533540726 0.492779636637132 0.49632080523657346 0.5079301798190216 0.5028327957026193 
0.4689680337905884 0.17083106935024261 -0.02250117063522339 0.4923969158512079 0.49590061763884297 0.5078264011561208 0.5037263155469003 
0.45619142055511475 0.16428810358047485 -0.030611727386713028 0.5526390573940053 0.5553932638516718 0.5685840155573662 0.2506802983154308 
0.45918357372283936 0.1724272519350052 -0.0037021373864263296 0.5257806585210405 0.5300618524608458 0.5435356486479729 0.38361195281141214 
0.46156859397888184 0.17742188274860382 -0.01989307627081871 0.5108225224697982 0.5150389527425052 0.5255526498209085 0.44451056226114316 
0.4617248773574829 0.18076467514038086 -0.0380590595304966 0.5019724216340875 0.5067665966956658 0.5163497148269746 0.4739137858201683 
0.46211615204811096 0.1823451668024063 -0.04425610229372978 0.496715163770259 0.5018578172030527 0.512253842749137 0.48888524009384327 
0.46406394243240356 0.18168823421001434 -0.0226956345140934 0.505221204175091 0.5103671539457468 0.5220586383728241 0.46014310939695974 
0.464994877576828 0.18547698855400085 -0.008585168980062008 0.49891254498754656 0.5021498933899609 0.5147522232458724 0.4836960881441276 
0.4641290307044983 0.18716345727443695 -0.027511630207300186 0.49595692512682515 0.498732423698907 0.5107422670726557 0.4944037162033095 
0.4620765149593353 0.1876089721918106 -0.04648428037762642 0.493607019203861 0.49727162937370767 0.5095401656490743 0.49944154493094683 
0.4582466781139374 0.18262825906276703 -0.055386416614055634 0.5152603247083651 0.5193155034113803 0.5326061764864853 0.4256158672635003 
0.45932766795158386 0.18529118597507477 -0.04964238777756691 0.502748602612976 0.5074170949414597 0.5216374958416449 0.4665469507605078 
0.46054816246032715 0.18710152804851532 -0.043049849569797516 0.49693402877348586 0.5022524426055364 0.5151381287281768 0.4852131111935836 
0.4620395004749298 0.18863996863365173 -0.03327682241797447 0.49411649239455413 0.4991179868904968 0.5117359040758578 0.49482976020621966 
0.45665237307548523 0.18182344734668732 -0.05033838003873825 0.5236611771937438 0.5281550091410249 0.5416494517147207 0.39172328150934393 
0.45661571621894836 0.18284986913204193 -0.06534629315137863 0.5072180859952569 0.5122176301469343 0.5267166968558595 0.4504802258248625 
0.4860963225364685 0.1808554083108902 -0.03416033089160919 0.49871911795765494 0.5049738373042931 0.5182054979752674 0.4772250275183828 
0.4723116159439087 0.1795550435781479 -0.044496893882751465 0.49495423507347397 0.49985326808103114 0.5133642228415084 0.49155283569305086 
0.46739891171455383 0.17726269364356995 -0.04087824374437332 0.49288677847804413 0.4974560528923276 0.5110668685999529 0.4984082211016987 
0.4660053551197052 0.17926961183547974 -0.035944003611803055 0.4923678648859801 0.49645031150799174 0.5094566819983332 0.5015624218364936 
0.46691054105758667 0.1827210932970047 -0.01223169919103384 0.4921807183851896 0.495819156631451 0.5085967410767781 0.5032403594041281 
0.457099586725235 0.16764910519123077 -0.030261686071753502 0.5661826144828361 0.5755934663308273 0.5900029554442127 0.005091280952516376 
0.44760769605636597 0.16465410590171814 -0.03921021521091461 0.5441371250200123 0.5551912477439709 0.5690669159365138 0.2680304325817371 
0.45915770530700684 0.16998520493507385 -0.036223363131284714 0.5211482100097883 0.5300268629424063 0.5429098014057684 0.39080048016932406 
0.46047428250312805 0.1757870316505432 -0.03735018149018288 0.507423375626966 0.5149828212161496 0.5259666214629528 0.44796576300699276 
0.4622831344604492 0.17940743267536163 -0.03220399096608162 0.5000093673337299 0.506492310432139 0.5167833079210163 0.47580582668337407 
0.46516215801239014 0.18371173739433289 -0.00688802869990468 0.49610760546295535 0.5013969188198913 0.5121429088295446 0.4900898025212774 
0.465498149394989 0.18144214153289795 -0.026775725185871124 0.4889114770389744 0.50006151798565 0.5111440125011606 0.4996357116276512 
0.46427759528160095 0.18242578208446503 -0.043546758592128754 0.4905435395541187 0.49820300609216434 0.5092938466711769 0.5017774190468552 
0.4645673930644989 0.1842820942401886 -0.03173288330435753 0.4907065780768252 0.49699999359240893 0.5090256105837148 0.5030814927734419 
0.4624286890029907 0.1847696155309677 -0.05065334588289261 0.4914106892150933 0.49594551247702223 0.5083339780619565 0.5041330676783236 
0.4591658413410187 0.18331307172775269 -0.0666426569223404 0.4913259296650749 0.495557037627251 0.5083585333343965 0.5045727448871515 
0.4582858085632324 0.18300938606262207 -0.06477770954370499 0.4906811698449509 0.4953643066614917 0.5090008276756601 0.5047418653835474 
0.458041787147522 0.1829710304737091 -0.06420853734016418 0.4907822663679409 0.49510716244029057 0.5089277046997109 0.5049695595856796 
0.46039018034935 0.18699218332767487 -0.04492996633052826 0.4909089402725295 0.49496253173221805 0.5088147582142741 0.5051020157998627 
0.45786184072494507 0.18066202104091644 -0.03432908654212952 0.5262859710338392 0.5265686603214248 0.540380707773637 0.39209337322420074 
0.4568505585193634 0.18103080987930298 -0.047314129769802094 0.5185768627715315 0.5200999045525241 0.5350930894462406 0.4174320451395284 
0.45582571625709534 0.1781000792980194 -0.035726308822631836 0.5260074958914431 0.5302773872998351 0.5443095935981972 0.38190191555089054 
0.4455547630786896 0.16798676550388336 -0.05375310778617859 0.5556673396865854 0.560164736829308 0.5751146162444811 0.21608436639550826 
0.4692800045013428 0.16525058448314667 -0.054423242807388306 0.5275723070986514 0.5342521942124882 0.5490187698337992 0.36717903552889586 
0.4631253182888031 0.16699449717998505 -0.05498497560620308 0.5102460994322103 0.516193429569615 0.5302337670511869 0.43822986384097773 
0.49052441120147705 0.17654350399971008 -0.028404735028743744 0.38263349610935454 0.5408427656946416 0.5544858523929818 0.5036130954879273 
0.47607895731925964 0.18012559413909912 -0.032601844519376755 0.4397722673294989 0.5200628487638177 0.5304546001523046 0.5047305255290122 
0.46861588954925537 0.18730781972408295 -0.04878674075007439 0.4069573366810692 0.5248852286948527 0.5357428510615772 0.5214027429500311 
0.4658685624599457 0.18678995966911316 -0.049031052738428116 0.4504656901731581 0.511464511098752 0.5216718101937442 0.5131697948169953 
0.464959055185318 0.1858995258808136 -0.04381971061229706 0.47049085067508056 0.5036317433959212 0.515522694453974 0.5091461263507155 
0.46450385451316833 0.18712863326072693 -0.03671807423233986 0.48057011412105455 0.4992909610958265 0.5122968568928312 0.5072601226189659 
0.465124249458313 0.18921560049057007 -0.01954720914363861 0.4860636669750782 0.49718841744689823 0.5102231772828798 0.5061799073123628 
0.465648889541626 0.19118398427963257 -0.012764228507876396 0.48926898791260065 0.4958641330265425 0.5087566285258335 0.5058668915592736 
0.4630497395992279 0.1872256100177765 0.009583036415278912 0.5215022383263378 0.5262219558931625 0.5398573538044705 0.3995996823069671 
0.45474669337272644 0.17941901087760925 -0.012957344762980938 0.5668671750202363 0.5694204494800865 0.585184776299345 0.10945654473789554 
0.45132777094841003 0.18031637370586395 -0.01458387915045023 0.5387586697234514 0.5447558622000983 0.5590859147740304 0.3168644604523046 
0.45823588967323303 0.18857108056545258 0.0100704375654459 0.5176208104751723 0.5234544991789137 0.5358322467667351 0.41345844673593424 
