0.5007966756820679 -0.6008230447769165 -0.027464333921670914 0.49084109527601505 0.4947779629622433 0.5089106352133298 0.5052521666672399 
0.5255521535873413 -0.5762491226196289 -0.05248164385557175 0.28812646631314814 -0.289100588272623 0.8663755417100363 0.2877453909221882 
0.5503352284431458 -0.5510304570198059 -0.0774170458316803 0.4080419256299066 -0.40839147481858995 0.7075432405384752 0.4075546012401876 
0.5584276914596558 -0.5063887238502502 -0.08449964225292206 0.45811420051954344 -0.4581218953637424 0.6090608172489348 0.4574938569672073 
0.5638854503631592 -0.46129700541496277 -0.0885072872042656 0.4801130610233797 -0.4796325269630214 0.5613268309236922 0.4736626189588869 
0.57234126329422 -0.4210236072540283 -0.09569894522428513 0.4902097826540029 -0.48993952248334244 0.537294346333184 0.48059173806621597 
0.582137942314148 -0.38352394104003906 -0.10432799905538559 0.49501954236569506 -0.4950621127706622 0.5240581068926232 0.48500748218478645 
0.5815533995628357 -0.3656708002090454 -0.08768396824598312 0.5713648337869452 -0.08377835600526772 0.5937903009045894 0.5603003590292518 
0.5984630584716797 -0.342160165309906 -0.06749050319194794 0.5718747663519866 0.02606944562378088 0.597543798438527 0.5614454956292608 
0.6155637502670288 -0.3200606107711792 -0.07935953140258789 0.5626464675773232 0.19023509587376797 0.5812468305770379 0.5562298830203272 
0.5910819172859192 -0.29642918705940247 -0.10170753300189972 0.5367851213855693 0.35094020774290857 0.5511069486033877 0.5338387727109252 
0.5659725069999695 -0.27250510454177856 -0.11787550151348114 0.5199365598950539 0.4269030231633282 0.5280070950440875 0.5182936330706871 
0.5652916431427002 -0.24797149002552032 -0.11591443419456482 0.5101458940821882 0.46382965788422253 0.514828051501615 0.5094755073653102 
0.5426096320152283 -0.2234273999929428 -0.10595590621232986 0.505148515658114 0.481885166697294 0.5075728781935893 0.5049568660467955 
0.5174321532249451 -0.1989203244447708 -0.0954575389623642 0.5025637751997513 0.4908268624365388 0.5038319317572213 0.5026649256805809 
0.5422995090484619 -0.1743786782026291 -0.10527722537517548 0.5012471500590844 0.4952808331517812 0.5019271849767579 0.5015149966366218 
0.5672487616539001 -0.14971379935741425 -0.08345029503107071 0.5005800555416243 0.4975339299450398 0.5009301877195544 0.5009476455465586 
0.5922473073005676 -0.125043123960495 -0.10675844550132751 0.5002718226837053 0.4986516216844126 0.5004367085777334 0.5006373581027623 
0.5673165917396545 -0.10031960904598236 -0.08229494839906693 0.5001007839414422 0.49923083136973345 0.5001433002254267 0.500524187378251 
0.5423901677131653 -0.0756017416715622 -0.057836227118968964 0.500039023094611 0.4995089679127847 0.5000385636633081 0.5004130306125407 
0.5174197554588318 -0.051209792494773865 -0.04440344497561455 0.500009794391086 0.4996536966900004 0.49997823484444837 0.5003580253966462 
0.4976397156715393 -0.027900036424398422 -0.02147434465587139 0.49993205687442305 0.4997105048313243 0.5000000332888026 0.500357188997748 
0.4893033802509308 -0.007699430454522371 -0.04135194420814514 0.4997337089167548 0.49964143118133636 0.500181594574142 0.5004428367642391 
0.48869046568870544 0.01171056367456913 -0.034073542803525925 0.49882680056879675 0.4996905308055674 0.5010015785912688 0.5004783858535802 
0.5003251433372498 0.031409699469804764 -0.02315874956548214 0.49876384689478304 0.49909487878644815 0.5011012214186288 0.5010354207963907 
0.4913312792778015 0.04767091944813728 -0.03259829431772232 0.4986121496937596 0.4989150213295037 0.5012606053388318 0.5012060765841698 
0.48737072944641113 0.05919341370463371 -0.03682171553373337 0.4979112197923766 0.4985512092387195 0.5019190333102778 0.5016058143326836 
0.4839576482772827 0.06831782311201096 -0.05944683402776718 0.4970965667260432 0.49751878218135953 0.5027189721845182 0.5026367472953995 
0.4832448661327362 0.0826895460486412 -0.04010869190096855 0.49594026225314986 0.49705556405469603 0.5038356076846762 0.5031189749428638 
0.4834524095058441 0.0968327596783638 -0.01721421256661415 0.49653477381971656 0.4969461425034586 0.5033009188775956 0.5031758488795972 
0.509758472442627 0.11005692929029465 -0.01901586353778839 0.4968935527250473 0.49674030723769846 0.5029751617453876 0.5033506244089492 
0.4908848702907562 0.12086807936429977 -0.035561539232730865 0.49658996967376157 0.497165171193549 0.5032593983424826 0.5029464907437613 
0.4802551865577698 0.13099977374076843 -0.03903930261731148 0.4959050568486639 0.4971875807973863 0.5039116635879176 0.5029470343811793 
0.4749290943145752 0.13973012566566467 -0.0405154787003994 0.4953961702341469 0.49704397596186817 0.5044114399311924 0.5030894748888104 
0.47099319100379944 0.14711052179336548 -0.05212687328457832 0.494834169585293 0.4968356673734037 0.5049691825331533 0.5032887729010623 
0.4709027409553528 0.15427599847316742 -0.033219002187252045 0.4942547990963491 0.49661581328862997 0.5055089889835183 0.5035331067752759 
0.4711902141571045 0.160852313041687 -0.018576398491859436 0.4942967356245784 0.4961110998935585 0.5055163139288438 0.503981914422615 
0.47116819024086 0.18143326044082642 -0.011531095951795578 0.34966145775330953 0.5342690128128331 0.5448525219945093 0.5435340064669865 
0.46871376037597656 0.18593166768550873 -0.03188822418451309 0.42513100763946904 0.517408566915476 0.5250092671557262 0.5252782792259074 
0.46828263998031616 0.18093760311603546 -0.027557024732232094 0.4586388039355264 0.5073443822712663 0.5167806636248816 0.5149658930509903 
0.4679793417453766 0.179404154419899 -0.02705332078039646 0.47557680217606874 0.5017153872418249 0.5120936700872456 0.5097729381728159 
0.46748435497283936 0.17981335520744324 -0.028094543144106865 0.4837612528887061 0.4985326956173591 0.5099327165251974 0.5073547341074798 
0.46820732951164246 0.18118222057819366 -0.011979525908827782 0.487621134664801 0.4966942302085854 0.5090676251007712 0.5063305479427184 
0.4671964645385742 0.18149034678936005 -0.013056508265435696 0.4966709406346702 0.5020555096558312 0.5149285718385472 0.48590822987227716 
0.4637526273727417 0.18962064385414124 -0.030257245525717735 0.37042381643908123 0.5749528698092817 0.5900834940184747 0.42897186830808115 
0.4628141224384308 0.19360163807868958 -0.037769217044115067 0.43448243200001985 0.5375783772374494 0.5492226708798603 0.46966899237834636 
0.4615009129047394 0.1949455440044403 -0.04220125824213028 0.4631234390166546 0.5179122154681658 0.5289761220215266 0.4873067613252566 
0.4904900789260864 0.1913355439901352 -0.05861334502696991 0.4769481864143254 0.5071752016777333 0.5188825941563375 0.4960389054911178 
0.4743575155735016 0.18981784582138062 -0.02806878834962845 0.4835249022591959 0.5011468998177918 0.5141368544332787 0.5007182327534168 
0.5020449757575989 0.19151157140731812 -0.012747109867632389 0.45183854406297413 0.5086472543100402 0.5223499462318639 0.5140724019566485 
0.48120224475860596 0.1876438558101654 -0.03143283724784851 0.4723901518719228 0.5020929694386522 0.5147239869559872 0.5097150299008569 
0.4717339873313904 0.1919041872024536 -0.019397981464862823 0.4394883025216114 0.5106654854366344 0.5245933539481937 0.5204542313439523 
0.46712812781333923 0.1909395307302475 -0.033557500690221786 0.46649501434749424 0.5032684049566207 0.5157551576402688 0.5129326773844802 
0.49018004536628723 0.18688127398490906 -0.03204725310206413 0.4785035042786157 0.49923455782735915 0.5124873626564103 0.509073625108867 
0.47461962699890137 0.18406468629837036 -0.02814885415136814 0.48454554417879553 0.49679810233693816 0.5107866857439725 0.5074487390836441 
0.4660959243774414 0.19722793996334076 -0.05187132954597473 0.34787638239300905 0.5321752624942645 0.5474999863324662 0.5440728604959661 
0.4649190306663513 0.1981840431690216 -0.03635657951235771 0.4226739737063293 0.5166265974282294 0.5278799655887141 0.5251537038916222 
0.4642704129219055 0.19822686910629272 -0.0288230050355196 0.4570267934421208 0.5063285528860197 0.5186041634719177 0.5155653481741717 
0.46204566955566406 0.1971445232629776 -0.04636066406965256 0.4740381643671396 0.5006871048462074 0.513694034817671 0.5106061891094714 
0.45087504386901855 0.18711841106414795 -0.04518042877316475 0.5373384442272622 0.5551060176846174 0.5702979135993332 0.27907883336075157 
0.4524511396884918 0.18968233466148376 -0.04074940085411072 0.5160628368031371 0.5289012252035135 0.5442376631226278 0.3971750350761515 
0.45467063784599304 0.19020557403564453 -0.042823608964681625 0.5115360575810416 0.5220491276338765 0.5350744504737354 0.4236636668176587 
0.4560990333557129 0.19127801060676575 -0.05835159868001938 0.5012879962528384 0.5099629213934226 0.522426009226274 0.46445584128161144 
0.4555656313896179 0.18618853390216827 -0.031600166112184525 0.5219370471474633 0.5302886127080191 0.5432392000698331 0.388930427653429 
0.44693243503570557 0.1780242919921875 -0.027156123891472816 0.5579366574697193 0.5643157300471172 0.5795392641178259 0.18544186263806564 
0.449067622423172 0.1815137416124344 -0.034595608711242676 0.5302867712567315 0.5377875996897621 0.5523806013510609 0.35278337418460604 
0.455832302570343 0.18790453672409058 -0.022072577849030495 0.5121977585030382 0.5199447026470422 0.5318124098679923 0.42951894380124966 
0.46178245544433594 0.19732238352298737 0.0005930962506681681 0.4592641903976056 0.5233500265342617 0.5340823487520847 0.47951767214199303 
0.45947209000587463 0.19146275520324707 -0.020218519493937492 0.5070152277789054 0.5416478239527722 0.5519430779273575 0.3806731305669028 
0.45919251441955566 0.20075714588165283 -0.040529146790504456 0.44305371989756137 0.5370091099680703 0.5500087433761777 0.4613187610600638 
0.45954012870788574 0.20303048193454742 -0.03569633886218071 0.4682307156925383 0.518319194333226 0.5287312067352192 0.48223284903885166 
0.4595515727996826 0.20322231948375702 -0.04311930015683174 0.4796169814660271 0.507469415338763 0.5186857488811184 0.4933633929395086 
0.4576391577720642 0.20184890925884247 -0.05985639989376068 0.48473917100708896 0.5019235493380946 0.5141560253682533 0.49874268745389116 
0.4576970338821411 0.20119936764240265 -0.05510859191417694 0.4873522838152378 0.49857805698039426 0.5118324466297524 0.501931488486953 
0.4871984124183655 0.1982172429561615 -0.02371697686612606 0.48916761017843724 0.496513103605218 0.510247121864008 0.5038230460490339 
0.47132018208503723 0.19436825811862946 -0.04061214253306389 0.49001093342503876 0.49543406804278123 0.5095685891391704 0.504751644186741 
0.4585016369819641 0.18464265763759613 -0.05666623264551163 0.5357318584267856 0.5411661212880862 0.5571903962980422 0.3311638073670216 
0.45619693398475647 0.18474148213863373 -0.05468739569187164 0.5137428454769395 0.5201719984607246 0.536272718571063 0.4217830627882476 
0.4582396447658539 0.18737134337425232 -0.04910444840788841 0.5022310063381638 0.509095032583322 0.5232148240290104 0.4635002826189359 
0.46119260787963867 0.19814245402812958 -0.03951438516378403 0.4107709492426774 0.5285588418555474 0.5420138348170728 0.5080489945088794 
0.4647253453731537 0.19099152088165283 -0.016971884295344353 0.453154863749031 0.5132265589798982 0.5240308040113967 0.5065973599076681 
0.4619661867618561 0.18821342289447784 -0.03765062242746353 0.4873225210992305 0.5199603818442255 0.531661915620116 0.45770467467685516 
0.4627080261707306 0.1910131275653839 -0.01960693672299385 0.48891574581278374 0.5074647602118536 0.5204321355964173 0.4822772054306607 
0.4631787836551666 0.19291691482067108 -0.019880270585417747 0.49059877680713193 0.5014838750311089 0.5138951370026431 0.49369884691395005 
0.46217241883277893 0.19296248257160187 -0.037615880370140076 0.49114971249893064 0.4984333811747773 0.5108953113365149 0.4993216451319356 
0.4626232385635376 0.1937914788722992 -0.027641527354717255 0.49081168959655025 0.49703454866881236 0.510003287407262 0.5019533739489708 
0.4635583758354187 0.19524958729743958 -0.015238253399729729 0.49123586837613353 0.49588735232265446 0.5090354000893379 0.5036526748495053 
0.4627649784088135 0.1953141689300537 -0.0295098889619112 0.4917201987432159 0.4951755932430883 0.5082963067567668 0.5046258441080071 
0.4638809263706207 0.20465433597564697 -0.018266797065734863 0.40805341572468473 0.5190431411822514 0.5330746604629641 0.5290728058399663 
0.46097618341445923 0.2009039670228958 -0.038714706897735596 0.4662324867160176 0.5242703356397476 0.5362937213077544 0.4692088319550962 
0.4537161588668823 0.19259347021579742 -0.0403180755674839 0.5116150386860555 0.5454086571076397 0.559710172957554 0.35707698221830564 
0.45634371042251587 0.19668102264404297 -0.028850048780441284 0.5017806781508741 0.5213797266849001 0.5363204646614727 0.43444181523160247 
0.46021124720573425 0.20098821818828583 -0.0018104501068592072 0.4968114756311984 0.5098584325020478 0.5224759467892769 0.46929907470008353 
0.46092137694358826 0.21127568185329437 -0.02566193789243698 0.40451695909253416 0.5292884149506808 0.5417332138650356 0.5125865084071025 
0.4619813561439514 0.21205812692642212 -0.0068336850963532925 0.4497198129782478 0.5139213408114639 0.5243094713920862 0.5086615018673107 
0.4719444513320923 0.20658111572265625 -0.0200533177703619 0.5058590773283063 0.542266519790826 0.5550385565000542 0.3768100532056395 
0.4622516632080078 0.20368044078350067 -0.03684280812740326 0.4988459814591263 0.5196353370267366 0.5332985892137057 0.44353626462541057 
0.4611617922782898 0.205345019698143 -0.013425083830952644 0.4943690735325062 0.5078726481515654 0.5217068129526407 0.47485428682168007 
0.46272748708724976 0.20830164849758148 0.00835681613534689 0.49300622837632346 0.5017543897534448 0.5148754485773949 0.48999047296608433 
0.4528130888938904 0.19939258694648743 -0.011797143146395683 0.54714105693683 0.5532749009093487 0.5673224962836145 0.26957138766628624 
