0.5007966756820679 -0.6008230447769165 -0.027464333921670914 0.31278400870418843 0.6380351427439995 0.6502798663140429 0.2687255402621286 
0.5255521535873413 -0.5762491226196289 -0.05248164385557175 0.28812646631314814 -0.289100588272623 0.8663755417100363 0.2877453909221882 
0.5503352284431458 -0.5510304570198059 -0.0774170458316803 0.4080419256299066 -0.40839147481858995 0.7075432405384752 0.4075546012401876 
0.5584276914596558 -0.5063887238502502 -0.08449964225292206 0.45811420051954344 -0.4581218953637424 0.6090608172489348 0.4574938569672073 
0.5638854503631592 -0.46129700541496277 -0.0885072872042656 0.4801130610233797 -0.4796325269630214 0.5613268309236922 0.4736626189588869 
0.57234126329422 -0.4210236072540283 -0.09569894522428513 0.4902097826540029 -0.48993952248334244 0.537294346333184 0.48059173806621597 
0.5841402411460876 -0.3846994936466217 -0.10362046211957932 0.5183790420579828 -0.41491945506795547 0.5487879087267002 0.507894522313968 
0.5477926731109619 -0.366592675447464 -0.08855689316987991 0.5723863288949672 0.04830583181128346 0.595258394985741 0.5618788840187555 
0.5408382415771484 -0.3441898226737976 -0.08538053929805756 0.5597464488304488 -0.21371581738699982 0.578760211131975 0.5532143169069109 
0.5115644335746765 -0.3243274986743927 -0.09049578756093979 0.5748974760688431 -0.03837898354113325 0.5947931200910739 0.5605721094777629 
0.503624677658081 -0.30071917176246643 -0.09364528208971024 0.5514739041254438 -0.2776421229420922 0.5678996018192677 0.5443173953589635 
0.5106040835380554 -0.2817220985889435 -0.09209508448839188 0.5720356680533608 -0.09554790030139146 0.5906109350632028 0.5610922532048627 
0.5252061486244202 -0.2611827850341797 -0.09294145554304123 0.5732184971682937 0.02217681956321321 0.5924195695671859 0.565656960331979 
0.4956604540348053 -0.2370309680700302 -0.09565553069114685 0.5732606267972645 0.025032102635044438 0.589744931834206 0.568283875345363 
0.5029811859130859 -0.2142609804868698 -0.1000443696975708 0.5745490036325963 0.01330883355371048 0.5857599603671211 0.571490670269375 
0.4783627390861511 -0.18939653038978577 -0.09768805652856827 0.5541140941827427 0.2668315499322816 0.5639224634664152 0.5511351465718229 
0.5020397901535034 -0.1660003662109375 -0.11817841231822968 0.531460562743468 0.38634367170487455 0.5363988724294304 0.5296833839553853 
0.5220305919647217 -0.14240916073322296 -0.13032306730747223 0.5166094753181318 0.4439920410317971 0.5196561376766858 0.5156968257483198 
0.5468531847000122 -0.11801823228597641 -0.12459563463926315 0.5080428564061868 0.4725674219528601 0.5107189606616507 0.5076796539001276 
0.5219547748565674 -0.09337889403104782 -0.10155081003904343 0.5041492955556017 0.4861426535364556 0.5053484728181491 0.5041048791905198 
0.4970579743385315 -0.06875398755073547 -0.08268934488296509 0.5021403634906128 0.4929199912117753 0.5026358719827587 0.5022371131382374 
0.47607919573783875 -0.0485367514193058 -0.09913866221904755 0.5010386763541984 0.4963609218277507 0.5012982300988746 0.5012845146015129 
0.46546638011932373 -0.03503907844424248 -0.1171514242887497 0.5005717858796596 0.4967716668470816 0.5005291690018631 0.502111889101946 
0.4899822473526001 -0.015308649279177189 -0.13242998719215393 0.49803854684190546 0.49733769790745314 0.5025639670756895 0.5020381251427657 
0.4658392369747162 0.0002770299033727497 -0.14331792294979095 0.49828128772416197 0.49817105242852006 0.5022138107799279 0.5013209042999447 
0.4619044363498688 0.008105330169200897 -0.14791719615459442 0.5074731538385457 0.5091339083871281 0.5131018968929059 0.4690203672214127 
0.4599623680114746 0.008516541682183743 -0.14867493510246277 0.5000957075722182 0.5034673595888657 0.5100588500949792 0.4860708492969374 
0.47243306040763855 0.02191232517361641 -0.15128372609615326 0.4750527373820833 0.5087876067123019 0.5152633167486197 0.49996378106315775 
0.46283766627311707 0.03067481890320778 -0.1506587564945221 0.471672732382481 0.5087447407527245 0.5141157502206171 0.5043695249104371 
0.44625481963157654 0.02878122590482235 -0.1571899801492691 0.4253414472722797 0.56558740931702 0.5732960433444713 0.4129493701895649 
0.4161345660686493 0.025358784943819046 -0.15299904346466064 0.51645193751669 0.5999705481300794 0.6090283053447517 0.048961831058986056 
0.417762815952301 0.051464732736349106 -0.1506320685148239 0.5191916219480684 0.5646652966505444 0.5738175179012411 0.28692615532074706 
0.4076364040374756 0.05006128177046776 -0.14907637238502502 0.4118029211624135 0.6371833907142767 0.6371900500555535 -0.13566326264011846 
0.38374748826026917 0.03512829914689064 -0.16104011237621307 0.37003204704190484 0.6112138420451458 0.6135779119451945 -0.33617862726140746 
0.3701316714286804 0.06108856201171875 -0.17939314246177673 0.2800112713282278 0.6131003521023044 0.7293556313763253 0.11722631599100011 
0.3443567752838135 0.0074040647596120834 -0.20009642839431763 0.364134528288854 0.6105688201992404 0.6699010466571125 -0.2141129346771622 
0.35836154222488403 0.037876375019550323 -0.22579890489578247 0.4613434837618692 0.5998851348949195 0.6336364130383039 0.16063907057287893 
0.4036315381526947 0.06916657090187073 -0.20203185081481934 0.4832277950354037 0.5742206173503611 0.5791113882684489 0.31842044641131617 
0.4140491783618927 0.09388167411088943 -0.18622824549674988 0.4830595263710446 0.5538357092231218 0.5480095963710325 0.39950592418231035 
0.4087355434894562 0.09959998726844788 -0.1896183341741562 0.502601343297719 0.5719309404421419 0.5614030120173765 0.32421219467828966 
0.3970586955547333 0.07597131282091141 -0.20380693674087524 0.5229472115407783 0.5845051703986368 0.5761124064789155 0.23016171449669426 
0.38354548811912537 0.06465298682451248 -0.20951685309410095 0.5390866908643875 0.59121982267527 0.5848858450911745 0.13324116939103015 
0.39812609553337097 0.08699687570333481 -0.19723863899707794 0.5163902113165401 0.5610013651855678 0.5574002535020133 0.3285172374659812 
0.4010329842567444 0.09417648613452911 -0.1961984634399414 0.5172573091246881 0.5704921458520864 0.5596685716091819 0.30619385629222956 
0.4034382700920105 0.10337458550930023 -0.19332337379455566 0.5122718573404579 0.5645322744580643 0.5550203311413963 0.3329163367752586 
0.40450629591941833 0.09439267963171005 -0.19537651538848877 0.47428950578967793 0.6211159169117346 0.6109900107872764 0.12631583105391941 
0.4026707708835602 0.10770837217569351 -0.19451645016670227 0.4878300552609989 0.5733954347851865 0.5714673057070468 0.32659551598190434 
0.3566240668296814 0.07492677867412567 -0.19902728497982025 0.5304624344640406 0.6001184490407027 0.5949578266667356 -0.06702713802229356 
0.388437420129776 0.08328456431627274 -0.20864540338516235 0.5152805720222458 0.5825835237673637 0.5828507617174167 0.2353026975974906 
0.3957544267177582 0.09392309933900833 -0.20141147077083588 0.5156428767300368 0.5706268210242054 0.564297006123442 0.3001105524394331 
0.3869229555130005 0.08248721063137054 -0.20626084506511688 0.5324369986026304 0.5883148598230286 0.5799007013669257 0.1846933804568547 
0.39138469099998474 0.06641348451375961 -0.22569721937179565 0.541076851412036 0.5899947426784291 0.5857674364440967 0.12656442975640092 
0.4002186357975006 0.08693519234657288 -0.20208525657653809 0.5164883759322538 0.5599496994726232 0.5602498855298506 0.32529395529454774 
0.35970598459243774 0.0593947097659111 -0.21730747818946838 0.5427438911146008 0.5975299528035442 0.5893047470755489 0.0332706963347648 
0.3998609185218811 0.06459672003984451 -0.20349550247192383 0.5225324744517416 0.5720933842735126 0.5671048838518137 0.27939402915101846 
0.4117267429828644 0.09027272462844849 -0.17348620295524597 0.5040046532984438 0.5535353180772407 0.5405785921697935 0.3838655321624586 
0.4305209517478943 0.11256836354732513 -0.15120406448841095 0.49250184482920023 0.5412537516596475 0.5280442493005508 0.4308776855846782 
0.41053932905197144 0.11212558299303055 -0.14197203516960144 0.33706012309309136 0.6693771276794974 0.6597562821146583 -0.05519404469921833 
0.3910197615623474 0.07411667704582214 -0.13910286128520966 0.4326190815211109 0.6066644776723454 0.6041623152793392 -0.28246564150473136 
0.3855057656764984 0.05535977706313133 -0.1448277086019516 0.522897446312007 0.5322832649476433 0.6346710235807524 -0.20111061216161366 
0.3627612590789795 0.049793045967817307 -0.15682071447372437 0.4426156581960361 0.5926445738546527 0.6559605800040684 -0.15026478523277906 
0.35343196988105774 0.06862810999155045 -0.19991810619831085 0.49532525812990463 0.5811641443945368 0.6168584085229484 0.19075332176202003 
0.3859903812408447 0.09777359664440155 -0.19059868156909943 0.4972178892129076 0.5653336273278673 0.5645363663117414 0.33833556060590525 
0.4044491648674011 0.12139119952917099 -0.16394609212875366 0.4871462440572729 0.5517398164256538 0.5407834504201222 0.40721612397249835 
0.3953639566898346 0.09446705877780914 -0.15326645970344543 0.539421973619778 0.5987381974955528 0.5884005513488978 -0.06573656827240922 
0.3850054442882538 0.0627259761095047 -0.1554325371980667 0.5481899103166532 0.5908216093659763 0.5917972316094303 0.013917068392155245 
0.36639437079429626 0.04358754679560661 -0.1626025289297104 0.45600151550749674 0.5987283817387627 0.6045490422013116 -0.26097394185785167 
0.3543223440647125 0.05506841465830803 -0.1991988569498062 0.5097530016248563 0.5976815931069741 0.603305037634082 0.1376648908069796 
0.39128968119621277 0.083076611161232 -0.19310885667800903 0.5070134806539304 0.5707850716164022 0.5624356311551404 0.3175025878038855 
0.40413275361061096 0.10476403683423996 -0.1850842982530594 0.4963361448747974 0.5576696456494016 0.5422269329974471 0.38554500482340215 
0.41287142038345337 0.12672480940818787 -0.15863458812236786 0.4850310038322292 0.545639595018139 0.5301289967837141 0.4312604832801566 
0.4314369559288025 0.14222662150859833 -0.14348217844963074 0.48369720453846343 0.5328154947223747 0.5235035808426481 0.45616736374970124 
0.4174503684043884 0.11510104686021805 -0.1390766054391861 0.5503671597232649 0.5918878810265906 0.5883834251902108 -0.02386777646607538 
0.40019160509109497 0.07117265462875366 -0.12943337857723236 0.5333968599311676 0.5657982002476936 0.5711880764768563 -0.2628770961927081 
0.3898075222969055 0.06358892470598221 -0.13792264461517334 0.5522004056737407 0.5847969285326765 0.5940051915384565 0.015655566992781304 
0.42045554518699646 0.07664754241704941 -0.14700648188591003 0.5365720597130403 0.5603676919520157 0.569762493949979 0.2710150826791316 
0.4070955216884613 0.06355100125074387 -0.1463562399148941 0.515236821185891 0.5959962970325148 0.601874974155954 -0.1306367004427097 
0.423939049243927 0.06945789605379105 -0.14692199230194092 0.529535161905356 0.5787103129796333 0.5864312554682469 0.201953629744105 
0.4073081910610199 0.05894923955202103 -0.1478234976530075 0.473948727495262 0.607723756003723 0.6147805618504971 -0.1675986302603227 
0.3973953425884247 0.027998866513371468 -0.14560024440288544 0.4917388491791139 0.5652573053831359 0.5722171514817187 -0.3335335282533748 
0.3949621915817261 0.03893484175205231 -0.15301619470119476 0.5359529586430168 0.5886576529868758 0.596422017887496 0.10255423092582251 
0.40911418199539185 0.05499628558754921 -0.1563749760389328 0.5367101660348342 0.5708422159244422 0.5749285131557824 0.2356662193735341 
0.4038265645503998 0.05696685612201691 -0.15872149169445038 0.549768765060617 0.5753597414339747 0.5757991774340263 0.18753874310939703 
0.39018261432647705 0.0477563738822937 -0.15924124419689178 0.5629324226308053 0.5830802319028973 0.5848108451376144 0.03347844268339317 
0.38780736923217773 0.04305994510650635 -0.16148285567760468 0.5630851872216113 0.5800564310454187 0.5863413754993678 0.05170493314920586 
0.4026602804660797 0.06803121417760849 -0.15552115440368652 0.5406941178537125 0.5558601546429154 0.5625738282100049 0.2866706249546504 
0.42896443605422974 0.05126885324716568 -0.1490657925605774 0.5577208579159019 0.5812029568985624 0.5791108151238612 -0.12562337101230514 
0.4103672504425049 0.025698380544781685 -0.14922873675823212 0.5427835682277301 0.5634925215219642 0.5678639867484017 -0.25571990302869074 
0.3987070620059967 0.02779301442205906 -0.15515922009944916 0.5585627505341355 0.5805766472912925 0.5877795577831666 0.0738485056583315 
0.4110851287841797 0.060664717108011246 -0.14590099453926086 0.5379874538913406 0.5549415687754368 0.561165831902458 0.29614568003905156 
0.3988664150238037 0.05120587348937988 -0.14568699896335602 0.5638593038897003 0.5855678479717917 0.581786400604914 0.02641145414182549 
0.41681456565856934 0.06914503872394562 -0.15002718567848206 0.5420430532092877 0.5595901866479777 0.5626890326472664 0.2764583223802795 
0.4586164057254791 0.08437192440032959 -0.14813783764839172 0.5206191190210362 0.5380556502236488 0.5382581411953777 0.38694963962906526 
0.4257787764072418 0.0637085884809494 -0.14891774952411652 0.5545578980258893 0.5695859659787121 0.571976198351101 0.20218949927488064 
0.42092955112457275 0.08623276650905609 -0.144962877035141 0.5316100445271922 0.5453728975046397 0.5513271268908343 0.3405841487495986 
0.4417480230331421 0.10846520960330963 -0.12372934073209763 0.5119195474819423 0.5316443867126056 0.53205754593132 0.414978783554536 
0.452851802110672 0.08990801125764847 -0.1362002193927765 0.517898335228144 0.5349469124498093 0.5346761013871858 0.3996680895865134 
0.4633723795413971 0.06415506452322006 -0.14329278469085693 0.5061653100632726 0.5198145409423414 0.5211017182596094 0.4494914027435196 
0.4236479103565216 0.053291477262973785 -0.14600379765033722 0.5644703373484529 0.5773180826128217 0.5784412783265246 0.11611527578210958 
0.43243107199668884 0.04799501225352287 -0.14643236994743347 0.5664156717448966 0.5785958781607746 0.5861876843876067 0.028001700831114022 
