0.5007966756820679 -0.6008230447769165 -0.027464333921670914 0.492806722293923 0.4944821776359316 0.5067793866642958 0.5057702677248905 
0.5255521535873413 -0.5762491226196289 -0.05248164385557175 0.28812646631314814 -0.289100588272623 0.8663755417100363 0.2877453909221882 
0.5503352284431458 -0.5510304570198059 -0.0774170458316803 0.4080419256299066 -0.40839147481858995 0.7075432405384752 0.4075546012401876 
0.5584276914596558 -0.5063887238502502 -0.08449964225292206 0.45811420051954344 -0.4581218953637424 0.6090608172489348 0.4574938569672073 
0.5469990968704224 -0.46662813425064087 -0.0944967120885849 0.4801130610233797 -0.4796325269630214 0.5613268309236922 0.4736626189588869 
0.55686354637146 -0.42691048979759216 -0.1024356260895729 0.49015931102709953 -0.4900799323734139 0.5356434366017192 0.48233973351135945 
0.5835779905319214 -0.40342745184898376 -0.11816079914569855 0.5838700254794191 -0.33459283423407965 0.6169993277132527 0.4079892869025638 
0.574317216873169 -0.3841754198074341 -0.09995993971824646 0.5972811410051904 -0.09398046425264414 0.6190602137715078 0.50118595617153 
0.5512167811393738 -0.36327412724494934 -0.09710128605365753 0.5865041945110367 -0.002128910814528458 0.6104878681030944 0.5322714161578119 
0.5463889241218567 -0.3401593565940857 -0.09356620907783508 0.5799646064290226 -0.008951271093767458 0.6017536335484087 0.5490478071595609 
0.5619130730628967 -0.31995952129364014 -0.09499107301235199 0.5721326806482222 0.13053839037638404 0.5919931575843124 0.5524201532760892 
0.5750977993011475 -0.2989867031574249 -0.0936916321516037 0.5667052380323666 0.17071494416364555 0.5836708101800204 0.5559046378378948 
0.5744495987892151 -0.27539023756980896 -0.08501260727643967 0.5693569711313287 0.12576120645239977 0.5855875515564486 0.5631198609869129 
0.5741314888000488 -0.2539699077606201 -0.08641330897808075 0.5693905227904903 0.12733042570220404 0.5844924141932188 0.5638705640459082 
0.545691192150116 -0.2311035692691803 -0.10681840777397156 0.542713698458957 0.322974113597672 0.5580621377184508 0.5382529274383107 
0.5206242799758911 -0.2065601795911789 -0.1000099778175354 0.523461743754213 0.4135791824575217 0.5323825557427584 0.5210651370072418 
0.4971913695335388 -0.18207649886608124 -0.09394488483667374 0.5123349892397117 0.4571832466345291 0.5168918966247397 0.5111938037585504 
0.4720979332923889 -0.15873980522155762 -0.08927848935127258 0.5062793089220174 0.47859037019290096 0.5086372211649329 0.5058860505703648 
0.46375831961631775 -0.13791604340076447 -0.09751056879758835 0.5033518186978834 0.4886202605589974 0.5041406269785565 0.5037156100563677 
0.4841993749141693 -0.11766871809959412 -0.07404211163520813 0.5012432639600718 0.4935795088119261 0.5024693562908522 0.5026519718495971 
0.46927666664123535 -0.10033728182315826 -0.0636354461312294 0.5002506804563516 0.49578847679667576 0.5015895514896357 0.5023454636154443 
0.49429476261138916 -0.07573362439870834 -0.05677364394068718 0.5010731588354512 0.4947392170249217 0.4997275970250752 0.5044116626365557 
0.4843849241733551 -0.056506577879190445 -0.048593174666166306 0.5005167516155191 0.4972714478554983 0.4998603415442864 0.5023382599913875 
0.48031294345855713 -0.039911217987537384 -0.06572539359331131 0.5001246469053273 0.49725455191218526 0.499983608382552 0.5026227606358435 
0.4813653528690338 -0.026267949491739273 -0.05080697312951088 0.49909015799766815 0.49748565774971043 0.5008548469808621 0.5025549291161889 
0.4832761287689209 -0.008879019878804684 -0.031024958938360214 0.49917066073671873 0.495889985677243 0.5007263783024841 0.5041774168254356 
0.48576781153678894 0.009712852537631989 -0.010456478223204613 0.4989114958594653 0.49645326539472434 0.5010069194187501 0.5036005771171438 
0.4887028634548187 0.028796080499887466 0.009689755737781525 0.4988770226604456 0.49709849298242426 0.5010479269834147 0.5029570353436513 
0.4906158149242401 0.047054775059223175 0.017352016642689705 0.4989780302733593 0.4974194003091306 0.5009281437570358 0.5026587911225207 
0.49196571111679077 0.06741224229335785 0.035340841859579086 0.4566531469170959 0.5107335539801297 0.5143324325606342 0.515830678678382 
0.4922376573085785 0.0842689797282219 0.04479265958070755 0.47822799525469706 0.5041517277524239 0.5074784543178822 0.5095043065196333 
0.48078015446662903 0.11152999103069305 0.03738521784543991 0.2233841268677732 0.5593232852984741 0.5638420104429711 0.5651010366704993 
0.46091020107269287 0.13660474121570587 0.058284830302000046 0.08240405653948324 0.5726233567772155 0.5756421955331993 0.5778824495178491 
0.4649185836315155 0.15347540378570557 0.03486389294266701 0.23278677643556986 0.5593468748183799 0.5614807461263429 0.5636317610612919 
0.4733169376850128 0.12155603617429733 0.012492774054408073 0.36628842070428463 0.5340459123855464 0.5389408451562108 0.5386747829113216 
0.49031636118888855 0.13312959671020508 0.036794111132621765 0.43141181658359423 0.5175930726125707 0.5233314894753771 0.5216372377610755 
0.4820079505443573 0.15323449671268463 0.020821817219257355 0.3146382344867598 0.5435896640009322 0.5508675278023922 0.5495980580417739 
0.4814862608909607 0.16284804046154022 0.04448162764310837 0.4081413192039846 0.5233226986779008 0.5289970559655939 0.5288819635671507 
0.4794459044933319 0.17146317660808563 0.04052159562706947 0.45153509505820416 0.5103808316831259 0.5178835203614505 0.5171306642612197 
0.4753541946411133 0.18650928139686584 0.016578741371631622 0.37999305620879276 0.5285229275503497 0.5372872241007227 0.5362753314341887 
0.47358059883117676 0.19374868273735046 0.02839134819805622 0.411455809801114 0.5213020359014583 0.5289606029900771 0.5283455161447653 
0.473415732383728 0.19747737050056458 0.0504167340695858 0.4530232759178733 0.50892085075051 0.5178576768185549 0.5172938291803847 
0.46506476402282715 0.2183840274810791 0.02153000794351101 0.22524085098640415 0.5547906670644578 0.5663726863266836 0.5663001456543963 
0.4534175395965576 0.2345428764820099 -0.0035894105676561594 0.1674136416142469 0.5634178944466977 0.5718903593214653 0.5722537599123939 
0.4578559994697571 0.23774093389511108 0.00930195115506649 0.3362489040079825 0.5391776904125324 0.5464623731328776 0.5455299876861234 
0.4868592917919159 0.23666785657405853 0.015461369417607784 0.4145883068600312 0.5190774007268676 0.529410826518568 0.5276356362438936 
0.4703352749347687 0.24326317012310028 0.03793778270483017 0.29653198109810885 0.5436179611207604 0.5559460668530921 0.5545018190083016 
0.46366411447525024 0.24800710380077362 0.033968351781368256 0.3135888700593227 0.5408977791329637 0.5520649336881306 0.5516483681620611 
0.448738694190979 0.26379409432411194 0.02829074300825596 0.1382541610476837 0.5637774343518522 0.5759600889429115 0.5755960105955547 
0.43489378690719604 0.2772470712661743 0.00323168165050447 0.09428154134835594 0.5684207678450098 0.5777961919915153 0.5780660707597114 
0.4444541931152344 0.2790118157863617 0.015664024278521538 0.3009625393548731 0.5455245490094554 0.5536114510484895 0.5525747710501113 
0.45101746916770935 0.2780805826187134 0.040064189583063126 0.3965760452458915 0.523055095249847 0.5348093953409518 0.5320899532272223 
0.44083070755004883 0.2908332943916321 0.017133986577391624 0.15760707738123245 0.5606597844793109 0.5757305194033119 0.5738945759061952 
0.41537728905677795 0.30733078718185425 0.018253076821565628 -0.18490155353994447 0.5597230976363338 0.5717029513090234 0.570681351487373 
0.412994921207428 0.3128908574581146 -0.004667673259973526 0.06349193549477548 0.5713401362453604 0.5784501477644928 0.5787353880604648 
0.4184167683124542 0.31823351979255676 -0.0020523760467767715 0.13303888372227105 0.5659974485867967 0.5763410558730289 0.5742634682150092 
0.43452319502830505 0.3165581226348877 0.021226337179541588 0.31616473785446864 0.5402785709706713 0.5527432298139914 0.5501034867932593 
0.4337078332901001 0.3197687566280365 0.007949590682983398 0.2462158829130314 0.5764904034016911 0.5934512973234237 0.5048287942384599 
0.43590834736824036 0.3219893276691437 0.028294654563069344 0.2674583417605927 0.5700265597310135 0.5854113246986571 0.5107145362513806 
0.44131481647491455 0.3153432011604309 0.011635926552116871 0.38124672434967566 0.536814615451648 0.5510028581755374 0.5127151783325028 
0.44777917861938477 0.2845574915409088 0.02572447434067726 0.44435815375812887 0.5287180152570425 0.5448468771700675 0.4755470239307003 
0.43456384539604187 0.27835071086883545 0.04927362501621246 0.34677035987855553 0.6507024359949417 0.6711845147413211 0.07647224641268947 
0.4288522005081177 0.2784489095211029 0.03231348469853401 0.39987848051753144 0.6027120044720672 0.6175357492606056 0.30900653531826056 
0.4210961163043976 0.26722952723503113 0.01037654560059309 0.4297649758215553 0.620031495615957 0.6338316076950404 0.1706473061259917 
0.42283764481544495 0.2755863070487976 0.025213703513145447 0.2900537550495655 0.6154214455624448 0.6293033907257207 0.37563613503573967 
0.4611052870750427 0.2747688591480255 0.036016687750816345 0.39406124174144647 0.5637496540400472 0.5744192140442876 0.4437844430167191 
0.462401419878006 0.2337394803762436 0.040044739842414856 0.42814061067520276 0.5354290356022517 0.5470174339281136 0.4803990969011172 
0.45447954535484314 0.22342351078987122 0.024813508614897728 0.5274715503056265 0.5913129074999514 0.6030464866992801 0.09196599328984727 
0.4373586177825928 0.2311641126871109 0.0005024618585593998 0.24638698057625366 0.6318821967227304 0.6457624183687273 0.3507267373468218 
0.44538232684135437 0.23877178132534027 -0.02105238474905491 0.334763661019662 0.583434558578181 0.5935486132481793 0.4418568216385931 
0.4522327780723572 0.2386097013950348 -0.01813570223748684 0.41426829583517555 0.5443425819892939 0.5540290426145309 0.47447313141912956 
0.45544901490211487 0.238230362534523 -0.0036271195858716965 0.4525803087140161 0.5213727245875586 0.5321775051542276 0.4900292330344119 
0.45680728554725647 0.23639658093452454 -0.0029991869814693928 0.47137772954228724 0.5085296704517972 0.5208436440589718 0.4979181748089899 
0.45858529210090637 0.24422430992126465 0.01959073357284069 0.3990517387241052 0.5247794218299985 0.5388647514009488 0.5243939816041321 
0.45876839756965637 0.24523605406284332 0.015861719846725464 0.4276561471340374 0.5159672931039275 0.528321620243665 0.521310116771759 
0.45179295539855957 0.26183491945266724 0.02456831745803356 0.19453513300790076 0.5587350577524998 0.5729826591172493 0.567152615805336 
0.4535074830055237 0.2632676661014557 0.004721985198557377 0.3495789900656816 0.5345897504895903 0.5451465095537751 0.5429766215017656 
0.4448445439338684 0.2647293210029602 0.007407583296298981 0.15381388810164415 0.5626784127921004 0.5761806185027072 0.5724947043131974 
0.44258812069892883 0.2744903564453125 0.024034524336457253 0.16534312989851377 0.5631447235520661 0.5733830099866611 0.5716306443757777 
0.4482136368751526 0.27535513043403625 0.002974360017105937 0.33361541717790233 0.5374996843648261 0.5480375198808366 0.5472199918970322 
0.45100200176239014 0.2708551287651062 0.0022076480090618134 0.4125931694044212 0.5183849634302011 0.5311555186866823 0.5281266147610487 
0.45032814145088196 0.2596141993999481 0.0010186322033405304 0.4739196909563509 0.5410535520804425 0.5567143678214496 0.4156083408284013 
0.4526236057281494 0.2574619650840759 0.019352715462446213 0.4814245513649702 0.5175357921648077 0.5343676918249198 0.46350649952842066 
0.45391207933425903 0.2540276050567627 0.014165184460580349 0.48552863141360714 0.5065125289911521 0.522170437479756 0.4848144390123063 
0.45636439323425293 0.2581022083759308 0.037859879434108734 0.43067780178277465 0.5175939363320827 0.533652797238035 0.5116911569724826 
0.4418955445289612 0.2745434641838074 0.010658413171768188 0.1274267730910766 0.5663085644258108 0.5820553419576878 0.5694458764940632 
0.4266422390937805 0.28860968351364136 0.028567451983690262 0.046798114891997464 0.5715152791421897 0.5827238456037139 0.5758586127812967 
0.4518176019191742 0.30232876539230347 0.0025935929734259844 -0.04087809217505147 0.5717509136606097 0.5808475740619302 0.5779671011526147 
0.42681699991226196 0.31711459159851074 -0.008159064687788486 -0.13383613503021013 0.5682536326889287 0.5745887342892986 0.5736056871439067 
0.40860486030578613 0.3234386742115021 -0.00037168266135267913 0.007507962823132729 0.5743682512367195 0.5787859971793969 0.5788363429628193 
0.42585626244544983 0.3216468393802643 -0.010048256255686283 0.25878516372227783 0.5536886252758825 0.5597673142122824 0.5595709956894702 
0.4293757677078247 0.32274970412254333 -0.021012796089053154 0.25679663242873046 0.5705790635471083 0.5843218416263636 0.5167813920927722 
0.439001202583313 0.3147793710231781 0.008765057660639286 0.37626171164440947 0.5366136497397223 0.550390087464391 0.5172462342872823 
0.4235728681087494 0.3215517997741699 -0.01631559431552887 0.11305180832529256 0.5686601574639223 0.5865646938076082 0.5654969265397252 
0.4525097608566284 0.3172149956226349 0.0095420116558671 0.3093346998997301 0.543867634946725 0.5572435749490268 0.5458934303263122 
0.447358101606369 0.3152761459350586 0.03473718464374542 0.325403881241279 0.5389434972070397 0.5530836650125389 0.5456653556784186 
0.4409369230270386 0.2852696478366852 0.0339750237762928 0.4797674200637249 0.6078760886596585 0.6247510849342783 0.09997982473816641 
0.4402577877044678 0.2811850607395172 0.018617212772369385 0.4258951059535281 0.587224869868467 0.6050665958603465 0.32813827193237793 
0.4340272545814514 0.2895650267601013 -0.006475851405411959 0.225330691216199 0.5985381391066974 0.6148722355092682 0.4614220515217676 
0.4400879740715027 0.29302161931991577 0.004383889492601156 0.2950071328015969 0.5691320681219392 0.5816740633918743 0.5007142544491932 
