0.5007966756820679 -0.6008230447769165 -0.027464333921670914 0.5344886095122803 0.5421111200429306 0.5569766678316772 0.33198561914418867 
0.5255521535873413 -0.5762491226196289 -0.05248164385557175 0.28812646631314814 -0.289100588272623 0.8663755417100363 0.2877453909221882 
0.5503352284431458 -0.5510304570198059 -0.0774170458316803 0.4080419256299066 -0.40839147481858995 0.7075432405384752 0.4075546012401876 
0.5584276914596558 -0.5063887238502502 -0.08449964225292206 0.45811420051954344 -0.4581218953637424 0.6090608172489348 0.4574938569672073 
0.5638854503631592 -0.46129700541496277 -0.0885072872042656 0.4801130610233797 -0.4796325269630214 0.5613268309236922 0.4736626189588869 
0.57234126329422 -0.4210236072540283 -0.09569894522428513 0.4902097826540029 -0.48993952248334244 0.537294346333184 0.48059173806621597 
0.582137942314148 -0.38352394104003906 -0.10432799905538559 0.49501954236569506 -0.4950621127706622 0.5240581068926232 0.48500748218478645 
0.6106558442115784 -0.3618893623352051 -0.09443164616823196 0.5556960988652102 -0.24644225029778768 0.5775065846627168 0.5449350490153422 
0.5868879556655884 -0.34094589948654175 -0.07557540386915207 0.5660947056090795 0.13312286968650722 0.5889215329320601 0.5612365935118195 
0.6089531779289246 -0.31836646795272827 -0.0863218754529953 0.5505300203909272 0.27487775107237994 0.5667193249863537 0.5478942647087737 
0.6171751618385315 -0.2975563406944275 -0.10678957402706146 0.5286757875533253 0.39048594619411775 0.5385043501487555 0.527290908655386 
0.6166114211082458 -0.27758610248565674 -0.12365447729825974 0.5142484793156297 0.44699076810831956 0.5218153904787404 0.5132800921592582 
0.5915343165397644 -0.2529867887496948 -0.09915763139724731 0.5057213584762397 0.4746879988551074 0.5131225034402753 0.5055912457579392 
0.611751914024353 -0.2286517471075058 -0.12335757166147232 0.5029025630606474 0.4872438387019006 0.5066534338727291 0.5029758957038002 
0.5867409706115723 -0.2040102332830429 -0.11048057675361633 0.5011342610913331 0.49376560763265515 0.5036166257068448 0.5014282315459017 
0.6117141842842102 -0.1793491542339325 -0.11926087737083435 0.5005488606115418 0.4967560220970409 0.5017957534145757 0.5008845321088583 
0.6017184257507324 -0.15463976562023163 -0.09640908241271973 0.5002398422895896 0.4982664257080195 0.5008455060163965 0.5006440335222433 
0.5767562985420227 -0.1299230456352234 -0.07196472585201263 0.5001106423487661 0.49901377406388286 0.5003947916779928 0.50047942132076 
0.5517928600311279 -0.105206698179245 -0.04752685874700546 0.5000525209523398 0.4993913464226092 0.5001595329011744 0.5003960442044904 
0.5268409848213196 -0.080499567091465 -0.03089720755815506 0.5000251239302247 0.49958591330143165 0.5000335215433137 0.5003551418765779 
0.5019136071205139 -0.05579845979809761 -0.019833944737911224 0.500005403583928 0.499691310923419 0.49996076860933886 0.5003423028548232 
0.4921562075614929 -0.03505437448620796 -0.00766223669052124 0.4999877650729354 0.49975209737839427 0.49992113710070474 0.5003388178256867 
0.4890657067298889 -0.014446037821471691 0.013000880368053913 0.49958923048823084 0.49916003674274806 0.5002967138396719 0.5009521500307004 
0.4873407185077667 0.004285427741706371 -0.011259607970714569 0.4994734241479763 0.49874461409682397 0.5004206123246568 0.5013574764974803 
0.4883701205253601 0.02348453924059868 -0.0016964394599199295 0.49837079110602256 0.4991444851790185 0.5014673536380708 0.5010108089881493 
0.4902656078338623 0.04208880662918091 0.013591811060905457 0.49854093944170796 0.49874217157063555 0.5013119146347736 0.5013975889878246 
0.49113354086875916 0.058114681392908096 0.01473418902605772 0.498731529444443 0.4982222637618306 0.5011393435459923 0.5018971964260567 
0.4886370897293091 0.0740884467959404 -0.008841875940561295 0.49823406999321956 0.49777113487168345 0.5016507841246988 0.5023277810091961 
0.4904111325740814 0.08826751261949539 -0.01838674768805504 0.49741384154787355 0.4980639041932897 0.5024063599544702 0.5020952768684684 
0.48580268025398254 0.10182365030050278 -0.01306336373090744 0.49696376067022474 0.4978209514572196 0.5028392429234501 0.5023485011890728 
0.48216700553894043 0.1175137460231781 -0.034413158893585205 0.4457227599298007 0.5130346557513132 0.5188651729092697 0.5185610818606873 
0.4788030683994293 0.13011039793491364 -0.03377484157681465 0.47122050648564506 0.505732739837796 0.511316779952845 0.5106278298939672 
0.4756052494049072 0.14042691886425018 -0.03237159922719002 0.48329734994953094 0.5016405622206769 0.5079173631220184 0.5067547435454943 
0.47200652956962585 0.1476214975118637 -0.04596387967467308 0.48902308644550013 0.4992726329942717 0.506477256526441 0.505038659399193 
0.472944974899292 0.1494625210762024 -0.02115572802722454 0.4911442289017376 0.4980291730566703 0.5064645737058541 0.5042201154078985 
0.46899959444999695 0.15037131309509277 -0.03175552189350128 0.492302305332983 0.5401651142069199 0.5492891881419301 0.4051437736755123 
0.47014498710632324 0.15866881608963013 -0.00619226461276412 0.49354459968943387 0.5180616522220274 0.5284310999965169 0.45693153225713246 
0.47322404384613037 0.17601467669010162 0.011936230584979057 0.39932565837811973 0.5351534520483773 0.5450926566435419 0.5069751443560842 
0.471722811460495 0.1854705661535263 -0.0017585087334737182 0.4107254725297011 0.5273550941698709 0.5351113362531937 0.5165820831984611 
0.46907445788383484 0.1950366199016571 -0.015568584203720093 0.39041107797977365 0.5292927771440634 0.5377879006871159 0.5274585482560129 
0.4659649729728699 0.19486981630325317 -0.034587886184453964 0.44272765262118674 0.5138821234186429 0.5225918232430328 0.5165415521667189 
0.46478575468063354 0.1955823302268982 -0.02611948363482952 0.4666354786837407 0.5049905829559775 0.5160262896075543 0.510835305742701 
0.4630097448825836 0.19515593349933624 -0.0391390398144722 0.479020050352195 0.49999917904947283 0.5121720257782995 0.508153941557661 
0.46251991391181946 0.1951165646314621 -0.03485102951526642 0.48469879003775473 0.4977169654265308 0.5107098385867842 0.5064783964131173 
0.46309423446655273 0.19598710536956787 -0.02196008339524269 0.48787854925242624 0.496293720458347 0.5096777259661525 0.5058613247392331 
0.46175065636634827 0.19639264047145844 -0.04060649499297142 0.48987314035601653 0.49538334251498534 0.5087838677829509 0.5057258409457004 
0.46233460307121277 0.200492262840271 -0.031184658408164978 0.4574875387629725 0.5053943905213364 0.5190450963125598 0.5156295665495241 
0.4626087248325348 0.20776012539863586 -0.02835465781390667 0.4019959456965482 0.5207177352522389 0.5339083696288182 0.531219495761982 
0.4624992907047272 0.20737598836421967 -0.02517964132130146 0.4482382763153073 0.508878311065143 0.5206628490955462 0.5186863307868046 
0.46218496561050415 0.20709800720214844 -0.020350337028503418 0.46946940225797906 0.5020656059168296 0.5149591568048305 0.5121969099103982 
0.46145036816596985 0.21133744716644287 -0.02809889428317547 0.4339107162243046 0.5119272177943482 0.5257339924601724 0.5227387332109001 
0.46193036437034607 0.21142709255218506 -0.016727689653635025 0.4633028759032473 0.5041212006482424 0.5167905247086291 0.5139453412651337 
0.4592510461807251 0.20572848618030548 -0.015232225880026817 0.5016096715919465 0.5249881551816413 0.5389343694636002 0.426995222098876 
0.4584822952747345 0.20629434287548065 -0.03135409578680992 0.4963376777918164 0.5095169856194848 0.5243296857536872 0.4681022661843246 
0.4603845775127411 0.20803792774677277 -0.010518083348870277 0.4931821319969247 0.5031902295392258 0.5169368801660995 0.4861555712931502 
0.46114733815193176 0.20902037620544434 -0.012737870216369629 0.4924598258866803 0.4992225981185447 0.5124325847974565 0.49565407640130243 
0.45201924443244934 0.1984301656484604 -0.03134812414646149 0.5334314178079949 0.5395110360409519 0.5538128925241749 0.34303067582853025 
0.4546755254268646 0.20117653906345367 -0.025981495156884193 0.5125026473619365 0.5186010520749306 0.534189839216936 0.4278261339740315 
0.45715415477752686 0.20255038142204285 -0.03161763772368431 0.501964741903504 0.5084901342272118 0.5217377089501049 0.4661104422117535 
0.4605990946292877 0.20538204908370972 -0.00429751118645072 0.49619815739058976 0.5027306949089089 0.5154957163013555 0.48509112904024726 
0.44931504130363464 0.22724489867687225 -0.02828124165534973 0.14895687824457277 0.5675565119985686 0.5817386812622544 0.5632686400243704 
0.43477603793144226 0.2278256118297577 -0.020186863839626312 0.3555732277944663 0.6266713495526444 0.6370313062681661 0.27393760997710065 
0.446655809879303 0.23328307271003723 0.0016838102601468563 0.4283777313033576 0.5696646153375776 0.5788003861101932 0.39618790793557723 
0.45246174931526184 0.23553898930549622 -0.006494919303804636 0.460410571804443 0.5360684809669567 0.5453248402828385 0.4508586337811244 
0.4493016004562378 0.20155929028987885 -0.021964479237794876 0.5114788472364167 0.556238706809841 0.5674593477106091 0.32707457646853566 
0.45402681827545166 0.20606893301010132 -0.014212355017662048 0.5029514867450116 0.5277114546034267 0.5404592382624356 0.4200764626090185 
0.4465211033821106 0.1994454264640808 0.006428683176636696 0.5457819285137584 0.5630342106504326 0.5754487274660468 0.23232160080964187 
0.43562746047973633 0.19796590507030487 -0.00795755535364151 0.4752019799200168 0.5980214702801644 0.6129791618187235 0.20201471862233664 
0.4698942303657532 0.19579172134399414 -0.02744171768426895 0.4891986579210037 0.5552283638770417 0.5679143826399732 0.36038783418058146 
0.4642828702926636 0.20256954431533813 -0.017767608165740967 0.44815315717037185 0.5409963175118432 0.5538789020162811 0.446877940894482 
0.4604399800300598 0.212360218167305 -0.04438233748078346 0.3570922157914556 0.5628760561305863 0.5746732331898965 0.47476980728674856 
0.4579553008079529 0.21680983901023865 -0.052330389618873596 0.37657016217978817 0.5449155534876687 0.5549330007157692 0.5033004244382352 
0.45700791478157043 0.21559575200080872 -0.05773355811834335 0.4346247996315842 0.5222041691257026 0.5325922747818425 0.5047272116060739 
0.44701287150382996 0.19139938056468964 -0.04198326915502548 0.5351002019941977 0.5902773381837564 0.6043311821020508 0.0049254635930050415 
0.44225525856018066 0.18765898048877716 -0.039569560438394547 0.526406984422532 0.5629725806309364 0.5775285190871633 0.26910661428123245 
0.44899073243141174 0.19266822934150696 -0.03697885572910309 0.5118098052227265 0.5343035392084281 0.547388112889743 0.3910712276992886 
0.45456552505493164 0.1962943971157074 -0.035579826682806015 0.5022353116951956 0.5176717634156889 0.5285915688760042 0.4476232683426155 
0.4569251537322998 0.19640541076660156 -0.0422215610742569 0.5011976088189111 0.5122693138199887 0.5231996722995994 0.46113252968988827 
0.4568706154823303 0.19629846513271332 -0.058649592101573944 0.49570642973802725 0.5044872062704424 0.5163571454522187 0.48284893348360886 
0.4564867317676544 0.1950369030237198 -0.06300850212574005 0.49294297330638925 0.5002721165688024 0.5128888301080708 0.49363962807092515 
0.45905208587646484 0.19762744009494781 -0.03993944823741913 0.4913384088043374 0.4979488695455263 0.5113704179396463 0.4991330353805345 
0.46019691228866577 0.19973114132881165 -0.03488728776574135 0.4923916367397106 0.4959505960311175 0.5088357646151246 0.5026625577996733 
0.45868000388145447 0.19912025332450867 -0.052661921828985214 0.49263131522507464 0.49514438110319176 0.5078473459463995 0.5042196964982116 
0.459699809551239 0.20055972039699554 -0.037660982459783554 0.49164908091046033 0.494989842629268 0.5084179963479553 0.5047547700847244 
0.4602445065975189 0.1989622414112091 -0.053266722708940506 0.4922414502006928 0.4944357087708527 0.5076832728819195 0.5054595721049171 
0.4613892436027527 0.20173603296279907 -0.027684269472956657 0.47748331822215784 0.49895316958024416 0.5129881499457355 0.5098024846944524 
0.49063172936439514 0.19771985709667206 -0.04424797371029854 0.485315486814065 0.4965791209157416 0.5098567192261877 0.507862364020888 
0.473479688167572 0.19456781446933746 -0.03157246112823486 0.4877072512366837 0.49563541137638695 0.5097223478378266 0.5066263950838054 
0.46361619234085083 0.18973290920257568 -0.020297029986977577 0.517268309643109 0.5234992870633969 0.5387785474139356 0.4099995964993205 
0.455680787563324 0.18385128676891327 -0.03913135081529617 0.5290774822083111 0.5340730887194435 0.5500049175813879 0.36378227604169877 
0.47088971734046936 0.17963671684265137 -0.05606149137020111 0.5105114522446415 0.5159637780964245 0.5312560871819221 0.43695126347418284 
0.4657883644104004 0.18165749311447144 -0.027600161731243134 0.5004095437243221 0.5056794557671852 0.5206666589363409 0.4720008546991067 
0.46351519227027893 0.1826355755329132 -0.04499867185950279 0.4964080154768692 0.5005130401565031 0.5140320895547259 0.4887093100316519 
0.460472047328949 0.18249553442001343 -0.06308317184448242 0.4935723696783329 0.4983084864582485 0.5114248665020897 0.49650737571271253 
0.46434539556503296 0.18372704088687897 -0.04695603623986244 0.492211287940739 0.496725106810066 0.5100591577919201 0.5008311809790246 
0.49299681186676025 0.1808583289384842 -0.054466452449560165 0.49255079277493996 0.49534275189424903 0.5084586221579125 0.5034869454473354 
0.4765114188194275 0.1781473457813263 -0.034640971571207047 0.4914718049367009 0.49519542344467765 0.508895680989872 0.5042441307755225 
0.46863695979118347 0.17580339312553406 -0.051324132829904556 0.49113519465752775 0.4948030022270505 0.5089242410240588 0.5049280408671075 
0.46399807929992676 0.1752612292766571 -0.06301871687173843 0.4907161155923008 0.4948208495057215 0.5091594798818412 0.5050808300053498 
0.4599454998970032 0.17006026208400726 -0.04353553056716919 0.5225203487171889 0.5268936287688392 0.5419294924890784 0.39454786060730584 
