0.5872710347175598 -0.391690194606781 -0.10799838602542877 0.5123182323817155 -0.45450499555014245 0.5457601983503623 0.48280538903973813 
0.5827428102493286 -0.3758118450641632 -0.08835146576166153 0.5736491430053802 -0.08948174724794652 0.5995795320200216 0.5508394161834278 
0.5918301343917847 -0.35523319244384766 -0.08314293622970581 0.5744794270840917 0.015067042264013578 0.6006663316944176 0.5558294073394462 
0.6052375435829163 -0.33583080768585205 -0.08699267357587814 0.564726710039732 0.16912319509191803 0.5885582589459666 0.5532452111641767 
0.6301204562187195 -0.3113059997558594 -0.07124906778335571 0.5383136623957276 0.34117990547595445 0.5573314011616014 0.53216198873723 
0.6241496801376343 -0.2850659489631653 -0.0563691221177578 0.5728370579075162 -0.08774133658730526 0.5834292272363386 0.5690074689739523 
0.6075642108917236 -0.26355206966400146 -0.0730728954076767 0.5619730804907507 0.2167783940501865 0.5704442550883944 0.5583786676740126 
0.5825350880622864 -0.23901675641536713 -0.09823312610387802 0.5362486166294328 0.36438581149427424 0.5439968228356612 0.532661110171735 
0.5891157984733582 -0.21444587409496307 -0.09990739822387695 0.5195537289803881 0.4332203140268725 0.5235653697914279 0.5179414887535045 
0.6140603423118591 -0.18978165090084076 -0.0802961215376854 0.5101231130528602 0.46680333672124413 0.5122005954196235 0.5094306669282433 
0.6390548944473267 -0.16508692502975464 -0.0987282320857048 0.5051475593094945 0.4833484009198975 0.5061896701600707 0.5049478037134904 
0.6141123175621033 -0.1403609663248062 -0.0856250673532486 0.5025745707968421 0.49157622161313336 0.5030485391768581 0.5027064614314746 
0.589168906211853 -0.1156337559223175 -0.07342098653316498 0.5012890414239501 0.4956737690985634 0.5014886326165066 0.5015236414490426 
0.5642256140708923 -0.09089543670415878 -0.048984892666339874 0.500640092899584 0.49772647013100935 0.5006950628947612 0.5009314447159736 
0.5392886400222778 -0.0661541149020195 -0.024554193019866943 0.5003205366652321 0.49875637178290133 0.5003005178006947 0.5006204491282067 
0.5143293142318726 -0.0419398657977581 -0.03276515379548073 0.5001603884308863 0.499277695990022 0.5000966136104599 0.5004645293993478 
0.49639835953712463 -0.019324101507663727 -0.023274872452020645 0.4999752324042983 0.4995137733985583 0.5000668918346876 0.5004436640204338 
0.48975712060928345 0.0004333902907092124 -0.031085195019841194 0.4996572017960876 0.49946944291151457 0.5002923697968407 0.5005801644232682 
0.48622578382492065 0.019675221294164658 -0.05528337508440018 0.4989265096404601 0.49932198535737876 0.5009470763037617 0.5008012776136529 
0.5115054845809937 0.039014704525470734 -0.029410092160105705 0.4982940467212029 0.4994324559591898 0.5015474854362001 0.500719866581509 
0.5124923586845398 0.05669741705060005 -0.021311255171895027 0.4982652956079171 0.49911083494532854 0.5016084437677618 0.501008022664125 
0.49689361453056335 0.07419399172067642 0.002714884001761675 0.479294706956322 0.5048078715095337 0.5079275388857332 0.507400445395104 
0.48919209837913513 0.08904647082090378 -0.013658846728503704 0.4845865499468366 0.502656901250394 0.5062034606396563 0.5062311445104991 
0.48604440689086914 0.10206729173660278 -0.024807527661323547 0.49044191445857055 0.5003800004928499 0.5048361449488197 0.504209331926931 
0.47147372364997864 0.1284048706293106 -0.03213977441191673 0.20425602228492284 0.5614350846943958 0.5675729932386839 0.5665077407949679 
0.4721776247024536 0.13950127363204956 -0.05230644345283508 0.356618170656008 0.5366161964685492 0.540611042027098 0.540930900655495 
0.4709445536136627 0.14929643273353577 -0.07147017866373062 0.42583162596294655 0.5185673737919306 0.5252824627696696 0.5232911612811015 
0.4667031764984131 0.15423104166984558 -0.08480919897556305 0.45978464174114086 0.5084807379216421 0.5163136842673044 0.513289004187656 
0.4632129967212677 0.15409418940544128 -0.10021313279867172 0.47604319685074725 0.5026287425319051 0.5120391226560722 0.5084910606711947 
0.463814377784729 0.16140659153461456 -0.08176743984222412 0.4543383565102626 0.5076098623469476 0.5194771917382959 0.5158026102254235 
0.4619508683681488 0.16135269403457642 -0.08908352255821228 0.474206509762565 0.5018055007224026 0.5128722423891565 0.5101778989041602 
0.45981961488723755 0.15901261568069458 -0.1024751216173172 0.4822428840863953 0.4988226568789187 0.5112354226907794 0.5072041998233772 
0.45792651176452637 0.15872809290885925 -0.10677793622016907 0.48578537284191986 0.4971232817035457 0.5108865575943664 0.5058418128135638 
0.4562056064605713 0.1570141613483429 -0.11762683093547821 0.4876451586959146 0.4967310026244986 0.5105486132251522 0.5047777964272699 
0.4558738172054291 0.15725082159042358 -0.10782331973314285 0.48810438308223436 0.4966295217098668 0.5108385089323041 0.5041401066905516 
0.48476776480674744 0.1522032618522644 -0.10786349326372147 0.4888892386954554 0.4964872307755437 0.5104635654001632 0.5038994843850938 
0.472323477268219 0.1481287032365799 -0.11627897620201111 0.48869551763938535 0.4961565008327419 0.5108377128482866 0.5040339758910246 
0.46597322821617126 0.1475297063589096 -0.10527282953262329 0.48849691428613734 0.49615833825539907 0.5111129903266238 0.503945611382756 
0.46258223056793213 0.14610275626182556 -0.11254573613405228 0.48911272546653534 0.4961932638786881 0.5105758499211162 0.5038584008880294 
0.4905661344528198 0.1496380716562271 -0.12718230485916138 0.4288453693972181 0.5139933043935692 0.5288330745094607 0.5217644214490048 
0.5003328919410706 0.15131625533103943 -0.10779153555631638 0.46047089188355966 0.506070874961284 0.5187939543114386 0.5125540558943814 
0.4810139536857605 0.15056011080741882 -0.10782172530889511 0.4758339155048546 0.5015649147748573 0.5137735061226734 0.5079877021430977 
0.46637627482414246 0.14161689579486847 -0.07571860402822495 0.5567572132007287 0.5753507005692045 0.5899484975530431 0.10466015067059349 
0.4774129092693329 0.14001885056495667 -0.0689459815621376 0.5338440522205957 0.5483855597138152 0.5616989244224742 0.3142898727428155 
0.46836861968040466 0.14426289498806 -0.07568470388650894 0.4924959488861906 0.5327464015889423 0.5456913180188543 0.4193447237817234 
0.4646984040737152 0.14617016911506653 -0.0923294648528099 0.4927947296313246 0.5156048673202775 0.5269276404836181 0.4622253097111795 
0.4620850682258606 0.14553414285182953 -0.10793818533420563 0.4918904103924443 0.5064088433251297 0.5177795504174695 0.4832165609077781 
0.4602033793926239 0.14399099349975586 -0.11939270049333572 0.49100582451863506 0.5011719321370262 0.5135420599865083 0.4939782660721311 
0.458780437707901 0.14454242587089539 -0.1221359446644783 0.4898905228192606 0.49892485467724196 0.5121536607502291 0.4987784005119947 
0.45687922835350037 0.14042694866657257 -0.09767851233482361 0.5207838753140852 0.5297906462836062 0.5438587229632545 0.39028670971482 
0.4593431353569031 0.1474343240261078 -0.08230353891849518 0.5064642350948143 0.5132994027836412 0.5273178078774381 0.44939251347470754 
0.45890313386917114 0.1498047560453415 -0.09654724597930908 0.5004054647386585 0.5052082733736789 0.5166153075027359 0.47693563027763697 
0.45772749185562134 0.15046139061450958 -0.1097332015633583 0.4956110791918851 0.5010940154840442 0.5126871363603268 0.4903328930828312 
0.4553309381008148 0.1443881392478943 -0.1192588061094284 0.5170649763992221 0.5236491865911816 0.5365545366293464 0.4129704212000335 
0.45543962717056274 0.1461518108844757 -0.1124887615442276 0.5039184747772045 0.509465021272872 0.5235174611198491 0.4609132573275315 
0.4591149687767029 0.15071021020412445 -0.0828249529004097 0.49712863927767004 0.5035244784743533 0.5164792560618527 0.48226071128058734 
0.48783791065216064 0.15065036714076996 -0.08354995399713516 0.4949180398284103 0.49986548248990104 0.5117598829866443 0.4932468504035671 
0.4745319187641144 0.15177777409553528 -0.08289644867181778 0.4928728985521545 0.4979628184921406 0.5102936816092094 0.4987080265865789 
0.4712570309638977 0.11852943897247314 -0.08631323277950287 0.49193117844633333 0.4970681872340506 0.5094991243373658 0.5013357908744539 
0.4699607193470001 0.12817129492759705 -0.07543683797121048 0.4935612131304174 0.4977448299272907 0.5070608524369996 0.5015343508671629 
0.466715544462204 0.13272243738174438 -0.08206544071435928 0.5081283875395053 0.5113104767945733 0.5204945417045631 0.45765988479695857 
0.4639970362186432 0.1362365037202835 -0.10102549940347672 0.5008814139897971 0.5036056000666495 0.5135025275498352 0.4814710405632123 
0.46282994747161865 0.14041413366794586 -0.09433295577764511 0.4965828193849648 0.4997704138365767 0.5103445713149956 0.4931363457245977 
0.46239420771598816 0.1451062113046646 -0.08294794708490372 0.4949055346375414 0.49731936416720757 0.5084129252391454 0.4992577082622049 
0.4616953432559967 0.14723514020442963 -0.08877773582935333 0.49512565439155937 0.49491349313551786 0.5063882968858852 0.5034700720526918 
0.4637964069843292 0.15322139859199524 -0.06625040620565414 0.49393669793314876 0.49447297733486034 0.5066984420263488 0.5047570722323431 
0.466858446598053 0.14164063334465027 -0.07514213770627975 0.49416829729155604 0.4946018175990811 0.5061001689899075 0.50500431179153 
0.4640577435493469 0.14435525238513947 -0.09347640722990036 0.49390219463969354 0.4958313197442014 0.5061392225551901 0.5040188606411922 
0.4626024663448334 0.14709118008613586 -0.08933085203170776 0.4929406222730691 0.4956171402122333 0.5069047696439187 0.5044013756455591 
0.4617679715156555 0.14927686750888824 -0.08674672245979309 0.49293953400887985 0.4948935831406648 0.5068588529159075 0.5051584507835861 
0.4607008397579193 0.1487250030040741 -0.10022629797458649 0.4930790457414803 0.49417733641226824 0.5066916925138673 0.5058906438792674 
0.46089351177215576 0.15207773447036743 -0.07958539575338364 0.49141175379231344 0.4951050067031312 0.5083667972228435 0.5049244696522873 
0.4806743562221527 0.1556449681520462 -0.04889794439077377 0.49335921870743393 0.49334666031593327 0.5063712430853319 0.5067483776468569 
0.4672814905643463 0.15323153138160706 -0.0643346831202507 0.4754573521968108 0.5533321778886569 0.5670349664200551 0.38240705277492065 
0.46386247873306274 0.15611688792705536 -0.07436995208263397 0.484495768931249 0.5255237209033466 0.5386321432001412 0.44605390141466317 
0.46353429555892944 0.15817351639270782 -0.07557780295610428 0.48804786310106235 0.5117191302878585 0.5235291010305583 0.4752579251249366 
0.4630478620529175 0.15918482840061188 -0.0768575593829155 0.48967869169306577 0.5041517009379927 0.515959027822475 0.48972657978874584 
0.4639607071876526 0.16251416504383087 -0.06456395983695984 0.4903152058876036 0.5000442971630971 0.5122904337769194 0.4970967825390919 
0.4664616584777832 0.16654931008815765 -0.03994198888540268 0.4919605217761741 0.49710203112410634 0.509177947535943 0.5015996744507387 
0.46525073051452637 0.16599471867084503 -0.05885777622461319 0.4968029094338948 0.49948016694630154 0.5113310850644245 0.49218589318686345 
0.4935726821422577 0.16449375450611115 -0.06408697366714478 0.4939381968723013 0.4972700809613156 0.5099217363500279 0.49872572326784886 
0.47577351331710815 0.1596110612154007 -0.05600257217884064 0.532751970716266 0.5370950029994155 0.5512362329019556 0.3519132151355698 
0.46611276268959045 0.15970571339130402 -0.07118456810712814 0.5129990997624945 0.5176052148890378 0.531778954311445 0.4314254384177751 
0.4641479551792145 0.1629934459924698 -0.060740720480680466 0.502118299071252 0.5073732075756514 0.5205493452348428 0.46848481421254673 
0.4660784602165222 0.1659279316663742 -0.039903342723846436 0.4970334758204635 0.5020335418461295 0.5141952814801679 0.4863365699582854 
0.47985202074050903 0.16132457554340363 -0.05815010145306587 0.5334278599819948 0.537632798484901 0.5505114518602405 0.3512019839907707 
0.46780651807785034 0.1602252870798111 -0.0745513066649437 0.5133295335324947 0.5180090874628488 0.5314648182333793 0.4309344756333374 
0.4821782112121582 0.16063186526298523 -0.043641991913318634 0.5021001298265964 0.5074559449227793 0.5205737635556569 0.46838753216556006 
0.47109395265579224 0.1604839414358139 -0.060820817947387695 0.49700300574687784 0.5014372589565159 0.5142486172250231 0.4869261209782203 
0.46595248579978943 0.15959259867668152 -0.07656115293502808 0.4939517980825375 0.49852816630310176 0.5114538772936519 0.49587923930608896 
0.4622318148612976 0.15718093514442444 -0.09429645538330078 0.4920870601580549 0.49708399589191715 0.5104112844799906 0.5002380902416502 
0.4779605269432068 0.1563110649585724 -0.08269266784191132 0.4912697293217545 0.49565065230528077 0.5097321489484187 0.503147712158077 
0.46899470686912537 0.15750274062156677 -0.07306285947561264 0.4908581392869396 0.4957162082597874 0.5095318059828852 0.5036874692268232 
0.4657691717147827 0.15893372893333435 -0.07040867954492569 0.4910050658843086 0.4957615134854607 0.5090783944353582 0.5039580690312132 
0 0 0 0 0 0 0 
0 0 0 0 0 0 0 
0 0 0 0 0 0 0 
0 0 0 0 0 0 0 
0 0 0 0 0 0 0 
0 0 0 0 0 0 0 
