0.5066693860292435 -0.6047399467229844 -0.0285443177819252 0.4627165668762119 0.5172031838054955 0.539970412848945 0.46938744133385363 
0.525596866607666 -0.5742511186003685 -0.05283429443836212 0.2920298993360327 -0.28815614998136924 0.8668594623634667 0.2734407831936559 
0.5494283476471901 -0.5490946799516678 -0.07749229073524475 0.4113742907584054 -0.40586093292407704 0.7100885514669285 0.39777587483887705 
0.5590763086080551 -0.5066138124465942 -0.08634605847299098 0.4611725385701992 -0.45385818588272014 0.612219357606899 0.4478558725871437 
0.564511244893074 -0.46333983540534973 -0.09188585974276066 0.48473033724729186 -0.47552015293839767 0.5659956631243481 0.45536868625201576 
0.5708322763442993 -0.4237687683105469 -0.09953263062983751 0.49411817056422436 -0.4870796433405329 0.5407922375093073 0.47234714730296956 
0.5755674695968628 -0.3900950425863266 -0.10623552732169628 0.5145881622552622 -0.4217798860875849 0.5442550970795896 0.49667737280128726 
0.5701021987199784 -0.3693745617568493 -0.0953670346736908 0.5561291514297367 -0.18747485594801003 0.5784066507884238 0.5424272294678092 
0.5642341417074204 -0.3490619133412838 -0.08798627264797687 0.5665476597323628 -0.0063818461112876744 0.5885690959834682 0.5554818193644909 
0.562180335521698 -0.3265743400156498 -0.09038010302931071 0.5602397092594165 0.09451068040793642 0.5796736373167451 0.5517092667422466 
0.5594465413689613 -0.30371949046850205 -0.0956408866494894 0.5523845088352968 0.18863409964693065 0.567137688304873 0.5460305379030759 
0.5572173660993576 -0.28054934814572335 -0.10270839415490628 0.5440829192742972 0.2563564424318787 0.5551323825663935 0.5397750776899203 
0.5552149721980095 -0.25691321164369585 -0.10785252545028925 0.534741335508434 0.3184810074381097 0.5431082009877602 0.5319110688292135 
0.554212571978569 -0.23317065246403218 -0.11270982176065444 0.5259523542027439 0.37342405001718754 0.5320202457432665 0.5243021175100735 
0.5530545717477798 -0.2090172853320837 -0.11405191034078598 0.5166871905399796 0.42795531027774364 0.5211983742035615 0.5157514178158673 
0.5495558047294616 -0.18464070107787847 -0.11170578006654978 0.5103990050057073 0.45745094950748666 0.5133282766084194 0.5100181763479313 
0.5403917676210404 -0.16023285932838915 -0.10121894635260105 0.5056228197679838 0.4791323342185394 0.507468498868164 0.5055740518176274 
0.5332210189104081 -0.13602282496838597 -0.08984468189999462 0.5030216187206057 0.4897110114996988 0.5040915339546058 0.5026234163605139 
0.5226528507471084 -0.1124693201854825 -0.07855333717539907 0.501449363283697 0.494756409263268 0.5021464570486408 0.5015087804084595 
0.5140702962875366 -0.08997445113956928 -0.0643710144655779 0.5007990521212268 0.4965083233518467 0.5013413653020414 0.5012544193804339 
0.5057301047444344 -0.06869024161249399 -0.05229058591881767 0.5018442922332291 0.49229273654643785 0.5040581459244438 0.4962867820260712 
0.5005184602737427 -0.04872155947610736 -0.04340203647589078 0.5000355457994012 0.49189230386294924 0.5037387595845848 0.5002208608985572 
0.49659040838479995 -0.02992535705678165 -0.036886127390316686 0.49911251322826744 0.49565985105689103 0.5047069274686423 0.49732292680158063 
0.49163134694099425 -0.012085863443426206 -0.03495842459495179 0.49627499470674463 0.49701518024043195 0.5055395789151791 0.4983577619945517 
0.48958076506853104 0.005683869552158285 -0.034047222883236826 0.4894620822380928 0.4984970753724072 0.5062826250074379 0.5020450144507563 
0.4898518237471581 0.022105199820070993 -0.033838404842827005 0.4932517644558201 0.49446508684649665 0.5086829077593672 0.49622505507373044 
0.48797675102949145 0.03612570590339601 -0.03142736945810611 0.4914238165170103 0.49946670238901364 0.5095097458007184 0.49420462676601573 
0.4848149463534355 0.04954410430509597 -0.032790549897035816 0.4872885789841244 0.5005762545351569 0.5119084993148423 0.49375559788938994 
0.48382185071706774 0.06325883490266278 -0.032713421292428393 0.483173533196176 0.5024477328789907 0.5112892541355907 0.49960994802753966 
0.48218507677316663 0.07663961620273767 -0.033967287589912305 0.4771891530980223 0.49795776502794403 0.5159930146676553 0.4979383850081694 
0.4829913142323494 0.08889799528755248 -0.03185791969764978 0.48027405740910284 0.5026676616130419 0.5152318376804214 0.4923311120471311 
0.4791724708676338 0.10090945736505091 -0.032710887026041746 0.46614575920828516 0.5086578444919637 0.5211529987990545 0.48854892938144134 
0.4759599331021309 0.11076309847296216 -0.03371482326365367 0.4686705644058151 0.5103059684610849 0.520549217578992 0.485024152569241 
0.472892008125782 0.1197612838819623 -0.03609169125091285 0.46756604493600934 0.5132470021896425 0.5242862302944732 0.47280364964124333 
0.47099771350622177 0.1273348751850426 -0.03756746727973223 0.4645797866281937 0.5127383885441158 0.5235198536574479 0.48599903565408037 
0.4692279425263405 0.1336536388285458 -0.03874307874153601 0.46191432554638145 0.5160165885430952 0.5259396951129302 0.4753305671112371 
0.4670446303486824 0.14007929611951112 -0.042445582171785644 0.462898645459764 0.5146885276410417 0.5284985941671985 0.47536376600226043 
0.46692430138587954 0.14473615355789662 -0.04034436543413904 0.46473321381946364 0.5159316743314052 0.5274586104471539 0.473719945410828 
0.46523059129714966 0.1488218473084271 -0.04031134369390202 0.4716657054814495 0.5157323001415822 0.5264453414101379 0.4659330467651014 
0.4632026460766792 0.15211820598691703 -0.04214169616534491 0.4562598680095234 0.5206067399868235 0.5322444496600123 0.46552212806984694 
0.4616809806227684 0.15574695626273752 -0.0456341929663904 0.44655459999513225 0.5232610043468885 0.5351371299495495 0.46439213506451 
0.4627023249864578 0.15883344527333976 -0.044255051538348196 0.4583555532413818 0.5209109944177241 0.5321019065004406 0.4645330809990653 
0.4621410170197487 0.16096561706159263 -0.04212637354750768 0.4655915231276782 0.5186993365114604 0.5311110155790791 0.45885530941597424 
0.4624053949117661 0.1626947988383472 -0.043588765673339365 0.4642422436034021 0.5155923519050046 0.5287014837525073 0.470460770872712 
0.46192376881837843 0.1643542900122702 -0.04207890062360093 0.4660769547356585 0.5196251922132046 0.5319367751531257 0.4593784911667298 
0.459505999982357 0.1657545855641365 -0.04411349729518406 0.4722629632765409 0.5195017143569886 0.5322592834534251 0.4541313787949721 
0.4600321701169014 0.1684235551953316 -0.04381764586752979 0.4674676043554487 0.5163327614117638 0.5286258704040607 0.46953889870378035 
0.4613148298859596 0.16939008980989456 -0.0444247888996324 0.4595439572339402 0.5186181216247016 0.5304607616344537 0.4673046385401072 
0.4605921632051468 0.17144971884787083 -0.043501511632930485 0.4588856317866191 0.5212547342732851 0.5335235782085133 0.4639111545062395 
0.45942079663276675 0.17205374337732793 -0.043256289868731986 0.45977394197981236 0.5256343558096623 0.538240263405442 0.44112294080968306 
0.45857734948396683 0.17307444800622762 -0.0423495979103609 0.4648110724773942 0.5225418138276199 0.5377663223530585 0.4497319588177916 
0.4571144691109657 0.1735652328914148 -0.04296289352118038 0.461409945934556 0.5227269283348067 0.5368669765771754 0.45425654811441796 
0.45713413417339327 0.17393803938291966 -0.043792489858169574 0.46927502201763444 0.523834456792826 0.5366642397346024 0.44372918921759846 
0.4573361825942993 0.17453867750242352 -0.043607901347568256 0.4671785746227625 0.5217472515285294 0.5365409563313785 0.44491302141237454 
0.45891330659389495 0.17664979584515095 -0.04206034147122409 0.45948948294980113 0.5197126536169061 0.5329759832534642 0.46917747882462607 
0.460787807404995 0.17710548700764775 -0.04255931247098488 0.46352309481411974 0.5188115621611026 0.531178587438154 0.46497312071872166 
0.4591207584738731 0.17764988500624895 -0.04271271457197145 0.45631501548016873 0.5234099925780366 0.5362988424268114 0.4562743010557059 
0.4577683621644974 0.17899883903563021 -0.044022826447617264 0.46262039472524025 0.522169586307576 0.5347032537166608 0.4579742196823687 
0.4583219784498215 0.17993156407028438 -0.04200740767177194 0.4555303858072463 0.5222958841257132 0.5355918512397685 0.4588904682204489 
0.4571059823036194 0.17915809761732818 -0.04329645871708635 0.4649007165428636 0.5250683441828901 0.5395037088073054 0.4394500092054704 
0.4585077637434006 0.1793346732854843 -0.04389892064529704 0.4590762136766358 0.5246222981263898 0.5380163684026054 0.450952041772825 
0.4568965619802475 0.1792958426848054 -0.04585604314081138 0.46299394828774454 0.5284176926346216 0.5411615138067084 0.4377705836322173 
0.45794915318489077 0.1797353982180357 -0.04546280815477075 0.46594820606578785 0.5213784395698936 0.5344941159437814 0.4571411806467889 
0.4577125287055969 0.18001900266855955 -0.04237765593541553 0.4687074296198983 0.5213694172830315 0.5339322564596388 0.44892636835834815 
0.455689095556736 0.17965822856873273 -0.0441513145173667 0.4620925599506704 0.5264008444115416 0.5389632095691799 0.4319279195712785 
0.455968402326107 0.17991681262850762 -0.04609713268378982 0.460219993952252 0.5281409730492248 0.5420081363347053 0.43305739682057665 
0.4563427630066872 0.180125723592937 -0.04532178682362428 0.46413381596266895 0.5258610946354676 0.5391446223846958 0.43601439034485884 
0.4574397519230843 0.18002082522958518 -0.04425915433443151 0.4711169688201281 0.5265087447563058 0.5392956802596213 0.4326255440231679 
0.45765659272670745 0.18000050947070123 -0.04505332975124474 0.4757102459639951 0.525302319741378 0.5378765395159607 0.4355578588920291 
0.4588685220479965 0.1818270344287157 -0.044644330455048474 0.46957960073434707 0.5213154800323467 0.533689872495585 0.4590589062611696 
0.4604210090637207 0.18079632926732303 -0.04507770731986966 0.47104751249155385 0.5224107496570415 0.5349900393128051 0.4515294981253895 
0.45899338692426683 0.18125828091055154 -0.04550377471736283 0.46251111618485397 0.5230294446482842 0.5354104890680279 0.4522366357448645 
0.45862325727939607 0.18126021970063447 -0.04768505795800593 0.4655552794203834 0.5240939016036655 0.5380984204327313 0.4408680364614446 
0.4577931550145149 0.18194254882633687 -0.041989592548343356 0.4569589556726155 0.5254347798621365 0.5392429408267359 0.4388376470474165 
0.4569139873981476 0.18301951576024295 -0.044968617209933656 0.4526081977955392 0.5241568450812089 0.5397057798793198 0.4473036622509728 
0.45848730593919756 0.1840439784526825 -0.04501492524053902 0.45720674074854206 0.5232010019387204 0.5369481627061756 0.45791383844648614 
0.4570436552166939 0.18340301413089036 -0.04674195857951417 0.4657225922008941 0.5222762213315678 0.5354162153643793 0.4549155725812764 
0.4579251366853714 0.18318223737180234 -0.046872851878870275 0.4661625033354932 0.5226032287381696 0.5355062299489253 0.44389145708916994 
0.45777989596128466 0.18344995471881703 -0.04585808831267059 0.4678683872043179 0.52041480667173 0.5331019371433938 0.45505939574796983 
0.4576892292499542 0.1830815646398696 -0.04510631627541443 0.46307711939195123 0.5223974387864344 0.5352501222665516 0.44845637364878804 
0.45776369780302045 0.18395635416731237 -0.04359078216570197 0.46561032416607495 0.5221100060337414 0.5346861574603325 0.45794587106906653 
0.4574917080998421 0.18424521593376994 -0.04735288266965654 0.4611684568511861 0.5220752445316097 0.5350962649368501 0.459297122987007 
0.45960750490427016 0.18435592947527765 -0.04623867109523417 0.46377342265590266 0.5195633650630548 0.5323718004147774 0.4647295253278496 
0.46030558794736864 0.1841845703870058 -0.04801848544506356 0.46218519822570076 0.5201509665218756 0.5329845398058852 0.4609570631552344 
0.46054691046476365 0.18383899949491023 -0.04560850007866975 0.47575383087334056 0.5167609545313233 0.5299661078226472 0.4627590227343327 
0.4600918835401535 0.18377165384590627 -0.04624586938880384 0.46438588152441335 0.5187292048282465 0.531817526542936 0.4622938090161004 
0.4603751990199089 0.1835530151799321 -0.04571632153936662 0.46892761802611443 0.5181878057797882 0.5309846808190444 0.45812784821266256 
0.46149308532476424 0.18296860547736288 -0.04272682892624289 0.47255620469633103 0.5155665110247721 0.5295994671474582 0.46005910418466356 
0.461162643134594 0.18286117726936937 -0.04456019782752264 0.46317569509340006 0.5178047897827505 0.5312869413995366 0.4672702901044205 
0.4596043211221695 0.1831133362278342 -0.043688252386345994 0.463942381351138 0.5204501611139789 0.5335211637649687 0.4619821099687462 
0.45980177670717237 0.18354379445314406 -0.045023563289723824 0.4699937278084685 0.5168221195277567 0.5296259215731834 0.4645047063012743 
0.4605298128724098 0.1840777289867401 -0.044196418597130104 0.4681301884857125 0.517462623625155 0.5303476823943586 0.46450984589514394 
0.4613661214709282 0.18457765586674213 -0.04491487436112948 0.4625482489291627 0.518824986448715 0.5316523820733409 0.46550473196170566 
0.45969303131103517 0.18544093936681746 -0.0448844374041073 0.46082435192270566 0.5167621708855937 0.5294905821530047 0.47792517218458896 
0.45608259409666063 0.18454652830958365 -0.04318719921049705 0.4574469858360082 0.5119561795203864 0.5246496653790867 0.47163653495951463 
0.455857155919075 0.1846862509101629 -0.0426854183562682 0.46042727344334106 0.5141777408821574 0.5270750550599761 0.45740817155683616 
0.4551928949356079 0.18468329392373561 -0.04262777278199792 0.4598959695100829 0.5169316034778837 0.5298782636165951 0.45172573709290065 
0.45499599605798724 0.18247084483504294 -0.04264199860394001 0.47425911217640826 0.5194034450994012 0.5323307121978236 0.4252740091263189 
0.4542165866494179 0.1813265822082758 -0.04278625856037252 0.4681493732337509 0.5168368000641764 0.5297541197671467 0.44165708449872665 
0.45437461882829666 0.18162214528769255 -0.04274174002785003 0.46336453465499 0.5171733806913368 0.5299177027288141 0.4420098997710155 
