0.5007966756820679 -0.6008230447769165 -0.027464333921670914 0.490941444442985 0.49481089113288984 0.5086036731204575 0.5054314828271879 
0.5259252190589905 -0.5762507915496826 -0.052386410534381866 0.30079411177723775 -0.3018110615677665 0.9044662396649171 0.019334082390570252 
0.5506906509399414 -0.5512199401855469 -0.0774320587515831 0.4262669055114001 -0.42726274989481516 0.7479220380604568 0.2763253386889241 
0.5724013447761536 -0.522057056427002 -0.0988418385386467 0.4720142673529265 -0.4722102040226781 0.6357387810639279 0.3873709551366649 
0.572461724281311 -0.47148779034614563 -0.09699318557977676 0.4881617925217324 -0.48806590063805877 0.5714529226274659 0.44376942005602105 
0.577267587184906 -0.42795607447624207 -0.1002449169754982 0.4941440224813119 -0.49436639516311254 0.5441398083760569 0.4640424779261982 
0.6038129925727844 -0.4048609733581543 -0.09502287209033966 0.5583530668412419 -0.22312675696016676 0.5939479808420133 0.5344923751851973 
0.5971161723136902 -0.3855489194393158 -0.08067645877599716 0.5705968332846348 -0.05355411828908871 0.5999082856020314 0.5582662976804678 
0.5676813125610352 -0.3650405704975128 -0.07981718331575394 0.572897943228515 -0.00853065905024901 0.5985777444686813 0.5598391361163416 
0.5753313899040222 -0.3416055738925934 -0.07674666494131088 0.5724979782378431 -0.03243214613662447 0.5943354357907893 0.5638790744245857 
0.5907571315765381 -0.3214661777019501 -0.08067366480827332 0.5679537056145311 0.12834930135360947 0.588530601873899 0.5608803578114581 
0.6063558459281921 -0.29952123761177063 -0.09495491534471512 0.5421386181854684 0.3214273942614148 0.559457778764907 0.5383095231088749 
0.6256904006004333 -0.2773221731185913 -0.09611815214157104 0.5230121549482205 0.41332610562451555 0.5335081022538202 0.5205659622134527 
0.5949809551239014 -0.2500029504299164 -0.09310373663902283 0.5582124520774316 0.2414410309881297 0.5653530193323507 0.5572082648641214 
0.570283830165863 -0.2256501466035843 -0.10734913498163223 0.5326777119409679 0.3798553129713125 0.5410650061002891 0.5284061464276278 
0.5951892137527466 -0.20105591416358948 -0.10112296789884567 0.5171903525982923 0.4407052546668555 0.5218532525394772 0.5157152319858748 
0.6104580163955688 -0.17754195630550385 -0.1234332025051117 0.5088625854670493 0.47048303452689727 0.5112525359494183 0.5082572457126817 
0.5854936838150024 -0.15285718441009521 -0.09895604103803635 0.5037961320423683 0.4857244806251105 0.506433223586855 0.5037723457158421 
0.5605366230010986 -0.12820149958133698 -0.09968465566635132 0.5019035246042914 0.4927558389278998 0.5032220372006504 0.5020479224813887 
0.5355865359306335 -0.10351987183094025 -0.07520493865013123 0.5009273640413827 0.49627397615253427 0.5015731918499259 0.5012067934154357 
0.510654091835022 -0.07885120064020157 -0.0616777203977108 0.5004473340950845 0.49803036390098054 0.5007605132297723 0.5007565584389633 
0.5356124043464661 -0.05434953048825264 -0.03713177517056465 0.5001984883649435 0.49891722557772356 0.5003401943348237 0.5005424699186307 
0.510622501373291 -0.03038795106112957 -0.012483200058341026 0.5000472636591358 0.49934287400951033 0.5001685405215409 0.5004406651696929 
0.49543872475624084 -0.008727001026272774 -0.021157938987016678 0.4998953174083207 0.49950540213691236 0.500159997374512 0.5004388093419654 
0.49057185649871826 0.010490238666534424 -0.01845870353281498 0.499358046794383 0.49947931595152806 0.5005753366518344 0.5005859430449432 
0.4904741644859314 0.029399273917078972 0.0020969451870769262 0.49888868980058404 0.4990417014217693 0.5009996811949553 0.5010656392865864 
0.4868626892566681 0.05214338377118111 -0.021780988201498985 0.415512798253764 0.5230903421091518 0.5257716666692457 0.5265831017107376 
0.48610416054725647 0.06620632857084274 -0.03366132080554962 0.45757504321079473 0.5117229012080873 0.5140137622411627 0.5143487187079433 
0.5033296346664429 0.08268414437770844 -0.04726118594408035 0.4517651779802572 0.5125978973127872 0.5168574168986249 0.5157616021301478 
0.4949914515018463 0.09691993147134781 -0.02143622562289238 0.4746125695366585 0.505689160818803 0.5098778545906972 0.5089655733604908 
0.5204797387123108 0.11046619713306427 -0.003909845370799303 0.485713078292909 0.5016289492660975 0.5065120678824685 0.5058623606504471 
0.496419757604599 0.12726952135562897 -0.025430956855416298 0.35268188499503356 0.5366543835845579 0.5423638475360109 0.5417185777336447 
0.4845457971096039 0.1397799551486969 -0.034317851066589355 0.42642291423852213 0.5192145759241996 0.5239215740879369 0.5235321447298134 
0.5112724304199219 0.14934369921684265 -0.01443248987197876 0.4611388232516096 0.5088403522988354 0.514508301602915 0.5135306116914568 
0.48992303013801575 0.1611882895231247 -0.031867071986198425 0.39530235699245175 0.5260453307111437 0.533029952286367 0.5318753863066132 
0.4783281087875366 0.16865487396717072 -0.009358705021440983 0.44613235153739195 0.512611246011965 0.5192958765450406 0.5181963218482892 
0.47084665298461914 0.1866646409034729 -0.03520898520946503 0.32100682611358095 0.5414846002077908 0.5500290337426553 0.5488324948164197 
0.4694916009902954 0.1915956437587738 -0.00985111016780138 0.4105052443987207 0.5222629856640469 0.5290961382226997 0.5280000896252274 
0.46832597255706787 0.19310620427131653 -0.009312978945672512 0.45191086355126586 0.5094061423147858 0.5185492203763227 0.5170963736320584 
0.47203734517097473 0.15838773548603058 -0.011093554086983204 0.4718115231176697 0.5024004450229466 0.5133785292984906 0.5113024204416097 
0.46639811992645264 0.18176375329494476 -0.020834801718592644 0.24097608196971199 0.5548662842009618 0.5641126402940929 0.5619883127218674 
0.4485739469528198 0.18299466371536255 -0.03967001289129257 0.3924958410541916 0.6200949513129141 0.6276953763514875 0.2596685976747324 
0.4812188446521759 0.17718860507011414 -0.06012667343020439 0.48324597855353835 0.6107797268494988 0.619354087102353 0.09910582359829218 
0.46546289324760437 0.17297518253326416 -0.07814580202102661 0.497867459512973 0.5676380074571656 0.57672405992916 0.3119366024482922 
0.45842665433883667 0.17171096801757812 -0.09238818287849426 0.4961899193577865 0.5349960962664364 0.5457199350691799 0.4120248698506893 
0.46683382987976074 0.16778896749019623 -0.1045793667435646 0.4931107326308606 0.5169296326015743 0.528374308585725 0.4587441011383303 
0.45355224609375 0.14335915446281433 -0.09277200698852539 0.5601106388500181 0.578368669334892 0.5930027197878065 -0.010654994278528713 
0.442888468503952 0.1333840936422348 -0.07166086882352829 0.5593860998503305 0.5778771510737477 0.5933767759133558 0.03239122362301536 
0.4351719915866852 0.13046082854270935 -0.08898397535085678 0.5463232260046553 0.5619266073843562 0.5757573742049262 0.23296537659064884 
0.44319406151771545 0.13753864169120789 -0.10731048882007599 0.5228645907039141 0.5356621476921387 0.547959567070504 0.37338853246153625 
0.46170759201049805 0.14318253099918365 -0.0817970484495163 0.5084784244618055 0.5191324648802585 0.5287777463195155 0.4385718535900834 
0.449143648147583 0.13049004971981049 -0.09638522565364838 0.5662082856159109 0.5732362002024802 0.5841252854180913 0.09801064744478878 
0.4471222460269928 0.13490340113639832 -0.07628851383924484 0.5381296097125513 0.5478273826788013 0.559833962535563 0.3112677566495471 
0.4793906807899475 0.1310674399137497 -0.09328321367502213 0.54583729904824 0.5554448323363275 0.5660282513694307 0.2704712551275203 
0.5069595575332642 0.13114389777183533 -0.08742573857307434 0.5217210572391957 0.5299294756818699 0.5414998554035472 0.3921221695271667 
0.4859473407268524 0.13173191249370575 -0.1025988757610321 0.5074302656290308 0.5138448879234108 0.5255422811040451 0.4497591215868618 
0.47371646761894226 0.13288453221321106 -0.11581242829561234 0.49929622551365044 0.5053483233837839 0.5172035975348864 0.4773120467136693 
0.4672754406929016 0.13300646841526031 -0.1229916587471962 0.4947963252054419 0.5012661184459095 0.5132400038813085 0.49040144114518736 
0.46392351388931274 0.13421843945980072 -0.12026624381542206 0.4921527566955381 0.49916106112852515 0.5116544567225768 0.49682352605925606 
0.46252426505088806 0.13588333129882812 -0.11687914282083511 0.4910361468483799 0.49807822615879355 0.510705000561038 0.4999819851922231 
0.4618443250656128 0.13730613887310028 -0.11622262001037598 0.4905352373001798 0.4975457860078711 0.5101965053049853 0.5015205855867199 
0.4619804620742798 0.14260779321193695 -0.09021409600973129 0.49012495955967883 0.4973810790675573 0.5101102165888393 0.5021724336658706 
0.461384654045105 0.14334528148174286 -0.09775861352682114 0.4976604707712204 0.5013518277919617 0.5135463714122654 0.4870836940513632 
0.4613332450389862 0.14672821760177612 -0.08697736263275146 0.49477631951793644 0.49792321562176206 0.5106642725768366 0.4964784644903941 
0.4606313705444336 0.14666949212551117 -0.10075974464416504 0.4945579601473546 0.4954338278726627 0.5080063345594487 0.5018837617434956 
0.4573706388473511 0.13991644978523254 -0.12020344287157059 0.5199419165693223 0.5236929424689668 0.5375553702299387 0.40797099080617094 
0.45658624172210693 0.14144839346408844 -0.11825691908597946 0.5056870684139338 0.5091799292227899 0.5239584075323787 0.4587853263692397 
0.45681190490722656 0.14368075132369995 -0.11394898593425751 0.4979398591302893 0.5034467891559748 0.5167903491627124 0.48117040868088384 
0.46908333897590637 0.14159971475601196 -0.11785334348678589 0.4941390379880524 0.5003240211065009 0.513040490019834 0.4922315924849527 
0.4643628001213074 0.14077526330947876 -0.11652068793773651 0.4915055391081465 0.4984556795676401 0.511877758188795 0.49794116239209024 
0.4630414843559265 0.1353462189435959 -0.12877225875854492 0.4903871736503378 0.4975266745506312 0.5111366005487177 0.5007264758421753 
0.46611419320106506 0.12867780029773712 -0.12638385593891144 0.49428590709998 0.50088551151175 0.5161751273093678 0.48821960668035524 
0.4658471941947937 0.1255636215209961 -0.11380960792303085 0.4924348544148107 0.49613256045400966 0.5125721814456979 0.49862827379001595 
0.46626272797584534 0.12265238910913467 -0.11345165222883224 0.49238379898009854 0.4936733512219168 0.509930226656011 0.5038015291141913 
0.46674981713294983 0.12015945464372635 -0.11234291642904282 0.4922581169790296 0.4926059424085947 0.5087200312557478 0.5061869828148009 
0.4666634500026703 0.11656781286001205 -0.12456295639276505 0.49229777353797405 0.4920767580777695 0.5080347185688973 0.5073500675646426 
0.4679896831512451 0.11599976569414139 -0.10570245236158371 0.49124846962274865 0.492825819515047 0.5087778208099768 0.5068952374647854 
0.46821099519729614 0.11554677784442902 -0.10301210731267929 0.49267571029062435 0.4917351786980125 0.5071980086014195 0.5081509013976233 
0.4684131443500519 0.11604928970336914 -0.09615583717823029 0.4934818393003585 0.49111424700061124 0.5062983451103831 0.508865853061733 
0.4681928753852844 0.11525698006153107 -0.10567929595708847 0.49440250353773446 0.4904735008439745 0.5053419727063262 0.5095403812130646 
0.4683857560157776 0.11530724167823792 -0.09964006394147873 0.4939144214431263 0.4909243139118923 0.5058226575733653 0.5091024468474473 
0.4678801894187927 0.1131131500005722 -0.11611524224281311 0.4943326642633571 0.4905949905995241 0.5054043418783202 0.5094293115354536 
0.4956609308719635 0.11722277104854584 -0.12033335119485855 0.4929816770148381 0.49168181223602586 0.5067679858697405 0.5083348012299196 
0.5219364166259766 0.12061222642660141 -0.1242307499051094 0.4923296149583099 0.4945641775074926 0.5075004812616253 0.5054315839760692 
0.5468948483467102 0.12410732358694077 -0.10789760947227478 0.505062566966924 0.5093586546597887 0.5216720387984005 0.4618699473963116 
0.5231814384460449 0.12596923112869263 -0.09533776342868805 0.5181515921371203 0.522999758044897 0.534955132452112 0.41450354270366624 
0.5006434917449951 0.13289007544517517 -0.08964638411998749 0.4707577928192937 0.5217791843735525 0.533549327588834 0.47059398453856227 
0.48288094997406006 0.13773269951343536 -0.08350791782140732 0.48225922988696557 0.5097008638334518 0.519902113705806 0.4871682017132266 
0.4725383520126343 0.1408882588148117 -0.09682369232177734 0.48741865171550125 0.5033316582263276 0.5134838397702863 0.49539342555361104 
0.46660229563713074 0.14408555626869202 -0.09564274549484253 0.4893701473856279 0.5001242526147426 0.5108660244232275 0.4994081455926809 
0.4638044536113739 0.1462143212556839 -0.09564375132322311 0.490316775136549 0.4984272771119282 0.5096446207662646 0.5014200534227707 
0.46194782853126526 0.14627088606357574 -0.10324002057313919 0.49113310619307154 0.49675587444849856 0.5086954099015913 0.5032403532578691 
0.4609129726886749 0.1438332349061966 -0.09480763971805573 0.5072967605116416 0.5135218271053175 0.5267058729039015 0.44891675543395543 
0.45938122272491455 0.1454949826002121 -0.10899800062179565 0.49890625747867545 0.5045793098194323 0.5182310591145037 0.47741893104466115 
0.4590635597705841 0.13760718703269958 -0.1211211159825325 0.4945933968299072 0.5008583666936745 0.5137496725346019 0.4904890847876109 
0.4590303301811218 0.14033815264701843 -0.11715484410524368 0.49245289260805974 0.4994774396400683 0.5115412623052252 0.49632446324126894 
0.46001601219177246 0.14330187439918518 -0.09878575056791306 0.49132476532128977 0.4984304970299831 0.5105175120922749 0.4995386716356777 
0.4642632007598877 0.11414622515439987 -0.11793619394302368 0.4912165848019522 0.4974567509803189 0.5095858642849516 0.5015628521337786 
0.46692824363708496 0.11442475020885468 -0.09940657019615173 0.4920063848191498 0.4967429244753876 0.5081960392444966 0.5029045336612469 
0.47511306405067444 0.11555540561676025 -0.10494830459356308 0.4935714204490445 0.49333896842336955 0.5063717483424809 0.5065486823904071 
