0.5007966756820679 -0.6008230447769165 -0.027464333921670914 0.5000644970488581 0.5138024761616811 0.5296989499599478 0.45316833152011693 
0.5255521535873413 -0.5762491226196289 -0.05248164385557175 0.28812646631314814 -0.289100588272623 0.8663755417100363 0.2877453909221882 
0.5503352284431458 -0.5510304570198059 -0.0774170458316803 0.4080419256299066 -0.40839147481858995 0.7075432405384752 0.4075546012401876 
0.5584276914596558 -0.5063887238502502 -0.08449964225292206 0.45811420051954344 -0.4581218953637424 0.6090608172489348 0.4574938569672073 
0.5638854503631592 -0.46129700541496277 -0.0885072872042656 0.4801130610233797 -0.4796325269630214 0.5613268309236922 0.4736626189588869 
0.57234126329422 -0.4210236072540283 -0.09569894522428513 0.4902097826540029 -0.48993952248334244 0.537294346333184 0.48059173806621597 
0.586743175983429 -0.3868769109249115 -0.10157693922519684 0.5251412396885858 -0.38783897336024586 0.5559467866808753 0.5145199505368235 
0.5524882674217224 -0.36788561940193176 -0.08191373199224472 0.5690199613535638 -0.1105192240905654 0.5925120578482497 0.5594025795364557 
0.5596650838851929 -0.34457889199256897 -0.08004369586706161 0.5672333196388635 -0.1418512934640458 0.5888867415394451 0.5579757855616202 
0.5452779531478882 -0.3223111033439636 -0.07895459979772568 0.5699132327647638 -0.11113484427933332 0.5900702801232139 0.5609501029698957 
0.5240724086761475 -0.2985997200012207 -0.09606224298477173 0.5635011589018997 0.18154451776102992 0.582321366534718 0.55714437811421 
0.5268093347549438 -0.2745427191257477 -0.09972690790891647 0.5721778718067257 0.08842583898101053 0.5839947989422429 0.5689845593894791 
0.523795485496521 -0.2513892352581024 -0.11070649325847626 0.5538031170974479 0.2681978616699189 0.5639851884584315 0.5507201845659383 
0.5463706851005554 -0.22843411564826965 -0.12258342653512955 0.5304401479236639 0.38748860837880506 0.5375827257257106 0.5286687439679919 
0.5712333917617798 -0.20386624336242676 -0.09802480041980743 0.5154247196063546 0.4451104450899842 0.5211138965719304 0.5144456792413815 
0.5961690545082092 -0.17923405766487122 -0.09599057585000992 0.5079414415132445 0.4726478902603188 0.5108713107142793 0.5075529210978803 
0.5711790323257446 -0.15457332134246826 -0.08622236549854279 0.5040102988341527 0.4862551641937882 0.5054755809407769 0.5040079077123335 
0.5547498464584351 -0.12994103133678436 -0.09770896285772324 0.5020065334827476 0.4930190604918725 0.5027227450487447 0.5021867062587392 
0.5297937393188477 -0.10527507215738297 -0.07322487980127335 0.5009748832335358 0.4964080128258342 0.5013129426661755 0.5012869285018625 
0.5048497319221497 -0.08060535788536072 -0.04875028878450394 0.500470459458942 0.498097177046403 0.5006308161826726 0.5007966726283541 
0.5298514366149902 -0.05591363087296486 -0.024298077449202538 0.5002169538454161 0.49894683709039234 0.5002827050573844 0.5005519632001985 
0.5547208786010742 -0.03190400078892708 -0.000283974630292505 0.5000910741284164 0.49937127654926733 0.5000995849318695 0.5004374595147869 
0.5793972611427307 -0.008911043405532837 -0.025287406519055367 0.49992929505147643 0.49951678488919804 0.50010864274565 0.5004448291414315 
0.554222822189331 0.013087911531329155 -0.013697597198188305 0.4996615485357291 0.49951489764623197 0.5002469485979458 0.500575862744895 
0.5292868614196777 0.033266033977270126 -0.026364775374531746 0.49705230407434914 0.5001720985612639 0.5012722486369473 0.5014907891294321 
0.504861056804657 0.05145036801695824 -0.02121434360742569 0.4977747190004401 0.4995727663886875 0.5012952775457031 0.5013486061785385 
0.5175876617431641 0.06803230941295624 -0.03250609338283539 0.49783111805195623 0.49906469335063336 0.5016266620506091 0.5014671491433329 
0.49741798639297485 0.08295754343271255 -0.022302372381091118 0.49755240164435366 0.498703462260881 0.5020802538663418 0.5016491632849152 
0.48908665776252747 0.09692198038101196 -0.0026774120051413774 0.4972356036321803 0.49824352848654324 0.5025029833845209 0.5019969048624469 
0.4853406846523285 0.11077875643968582 -0.001745416782796383 0.49718397739821835 0.4974861900927226 0.5026220574450054 0.5026794710899432 
0.4804445803165436 0.12363136559724808 -0.02383495680987835 0.4968779286555361 0.4972747357152373 0.5029371620978751 0.5028761002625405 
0.4785725772380829 0.1360224187374115 -0.002535566920414567 0.49617098950260924 0.49746363522512743 0.5036102928035974 0.5027135902150228 
0.4779273271560669 0.14429083466529846 -0.023540519177913666 0.49632967714946846 0.4968619719029698 0.5035030331412634 0.503259106301063 
0.4742223620414734 0.15190526843070984 -0.020888181403279305 0.4952094632844586 0.4967572506545401 0.5045704943507775 0.5033968987054578 
0.4676550328731537 0.14731529355049133 -0.022007688879966736 0.5294916446876408 0.5312589081128559 0.5405442644416081 0.38107016274695954 
0.4663851261138916 0.15333020687103271 -0.04139547795057297 0.5118041217288923 0.5133270777409045 0.525097658577932 0.44589718679901363 
0.4692583680152893 0.1647554486989975 -0.018087737262248993 0.4622980785932192 0.5186263126567991 0.5293277309140573 0.4869490606155896 
0.46861186623573303 0.16918134689331055 -0.03330430015921593 0.4791406151140662 0.5076493372463996 0.5167445874334767 0.49567272741155693 
0.4688185751438141 0.17313851416110992 -0.020807046443223953 0.4855955540530808 0.5021223766324016 0.5121184695564097 0.4998047117706183 
0.46659788489341736 0.1881706416606903 -0.0458182729780674 0.37146112366554934 0.5309145396902083 0.542318731445917 0.5348240632895578 
0.4600742757320404 0.20331068336963654 -0.0693325623869896 0.29546939283118334 0.5468045203429207 0.5563313127148457 0.5515415894794307 
0.46045759320259094 0.20321623980998993 -0.06091761589050293 0.39726464383251164 0.5257220236155017 0.5338402147834884 0.5299167686780338 
0.4605439603328705 0.2017855942249298 -0.05328022316098213 0.44390558434616467 0.5114258707030175 0.5224600082409105 0.5180993637815609 
0.45990613102912903 0.20103025436401367 -0.049131739884614944 0.466937573612379 0.5035201246458624 0.5162567992853073 0.511777005752788 
0.46020248532295227 0.20239458978176117 -0.04156259074807167 0.478990843469761 0.4990907828392924 0.5124574602313281 0.5087863144879647 
0.4507037103176117 0.19119663536548615 -0.03582164645195007 0.5512180682634331 0.5638838264291276 0.5788415081714406 0.2076925129353168 
0.4488092064857483 0.1899348646402359 -0.04798876494169235 0.5253996216718244 0.5365064285853833 0.5514159296516673 0.3633958752655957 
0.4553454518318176 0.1950072944164276 -0.020926794037222862 0.5085335412290125 0.5186478356908404 0.5319738883533038 0.4352032192993914 
0.4592994153499603 0.19882529973983765 -0.012662478722631931 0.5006871224415024 0.508271250514452 0.5198836686835341 0.46978049380308734 
0.48809075355529785 0.19546857476234436 -0.030869346112012863 0.4963440034952281 0.5024203917729577 0.513819693554865 0.48703768092440397 
0.5036455988883972 0.18160374462604523 -0.006381669547408819 0.4934571510771422 0.49843853657517273 0.5114017177953785 0.4965152045441982 
0.4831423759460449 0.18059661984443665 -0.003648924408480525 0.492806729814577 0.49645127904272557 0.5094971351391798 0.5010891376504512 
0.4858304560184479 0.16119801998138428 -0.01225423812866211 0.5280347868245813 0.5312666189155026 0.5454692622933739 0.3760296895490188 
0.47331178188323975 0.1624840945005417 -0.03235858306288719 0.5111452944813079 0.5138627928472379 0.5275078124547931 0.4431828356965249 
0.4702143669128418 0.16597218811511993 -0.017935557290911674 0.5017426803170802 0.5050322982685006 0.5177004938430799 0.47453436032441304 
0.4682673513889313 0.16776758432388306 -0.03668881207704544 0.4973991329758824 0.500289584844972 0.5122193900206129 0.4898323491740795 
0.4684777855873108 0.17071235179901123 -0.024496756494045258 0.49442565700778796 0.4981137618108099 0.5101807425492935 0.49713334219196426 
0.46728429198265076 0.1710967868566513 -0.042591169476509094 0.4936066928196155 0.49655357888145213 0.5085638255029475 0.5011484924585836 
0.4650500416755676 0.1685646027326584 -0.041912902146577835 0.5066666311114961 0.5105482925412818 0.5235053282303885 0.45669632932146736 
0.46635937690734863 0.17655879259109497 -0.03256068006157875 0.45895496608481207 0.5150643906269419 0.5291061753279847 0.49408062888963605 
0.46556180715560913 0.17668724060058594 -0.05018605664372444 0.4767390154982788 0.5056633020427428 0.517313826934372 0.49941059313101943 
0.4650411009788513 0.17608776688575745 -0.05252153426408768 0.48354919742557917 0.5008404137642704 0.5132257583722954 0.5019346317526765 
0.462500661611557 0.1737326979637146 -0.058042123913764954 0.4996276556262542 0.5108155040967491 0.5242425834237163 0.4632595819117238 
0.4601796269416809 0.17457382380962372 -0.070560023188591 0.4951607433668836 0.5028375991276091 0.5166700584131685 0.48479092181193967 
0.4613415598869324 0.17953671514987946 -0.05128007382154465 0.4930629648806003 0.4993079789849195 0.5126092401952271 0.4947850256946134 
0.46154895424842834 0.18319916725158691 -0.047780975699424744 0.4944939724115959 0.49596118823241947 0.5081979356812253 0.5012315524635571 
0.4608851969242096 0.1845293492078781 -0.052230846136808395 0.49478487297329776 0.49430175330288795 0.5064120944392163 0.5043813009660201 
0.45906761288642883 0.1794290691614151 -0.03949325531721115 0.5212697181985058 0.5215595853571356 0.53493566147221 0.41242856096132846 
0.4885385036468506 0.17771469056606293 -0.030713429674506187 0.5066313856540557 0.5080486087889939 0.5223877196102731 0.4607844621709785 
0.4859897196292877 0.1740131825208664 -0.037152133882045746 0.49908743018809987 0.5014500685179126 0.5153875154063927 0.4835651711763831 
0.48254653811454773 0.17427223920822144 -0.017577342689037323 0.49486175504908453 0.49790753568718804 0.5121940324622773 0.49483047845265465 
0.47483447194099426 0.15495330095291138 -0.02386377938091755 0.49348127407418035 0.49634993489025986 0.5098946921668921 0.5001203626854128 
0.4742254912853241 0.16157925128936768 -0.0061157564632594585 0.4939856287695847 0.4966322560032839 0.5075778692209956 0.5016964296696568 
0.47131335735321045 0.1660728007555008 -0.022869456559419632 0.49424254929100436 0.4959152700703014 0.5064461468212305 0.5032937986418645 
0.46887877583503723 0.16824252903461456 -0.0386841855943203 0.4934640503365576 0.49591794112434073 0.5067339715878006 0.5037651325124523 
0.46478912234306335 0.1626642942428589 -0.023228846490383148 0.5327995878958816 0.5362952443186638 0.5487932286465806 0.356844507104741 
0.46424180269241333 0.17204351723194122 -0.03345061093568802 0.47942861609956394 0.5281300869185463 0.5420776829127959 0.4442731131231777 
0.4639250934123993 0.17599043250083923 -0.039951663464307785 0.48679383088514744 0.5134953038614442 0.5242227310493643 0.4738616542573913 
0.4624396860599518 0.17410396039485931 -0.02720710262656212 0.5082639179205228 0.5247405103049664 0.5359508280308141 0.4231688747037622 
0.46688807010650635 0.18672560155391693 -0.0057925330474972725 0.4268616055932377 0.5325013206372828 0.5454285690393732 0.4865585157671937 
0.46705806255340576 0.18967846035957336 -0.005366628058254719 0.4618421153252528 0.5149420474181264 0.5249611972726264 0.4959357717192968 
0.4657510221004486 0.1918019950389862 -0.01697217859327793 0.4768981747867836 0.5054186554010744 0.5163342381888353 0.5005187989791788 
0.46427440643310547 0.19274474680423737 -0.026954984292387962 0.4841899417625174 0.5005756887200902 0.5121977723923554 0.5026306020475935 
0.46262094378471375 0.19246068596839905 -0.040962547063827515 0.4876543555256988 0.49800110234772343 0.510335899659648 0.5037314771937974 
0.4631747305393219 0.19369792938232422 -0.025203607976436615 0.4878462796554936 0.49709413778476946 0.5101600307488611 0.5046188349959121 
0.461433470249176 0.19373171031475067 -0.04427172988653183 0.48996141000365684 0.4957957687798523 0.5089260741325049 0.5050926879645953 
0.4614599347114563 0.19562704861164093 -0.03774601221084595 0.49052358949443775 0.4954176294521732 0.5087190024409757 0.5051266743431196 
0.4593857526779175 0.19529303908348083 -0.05508851259946823 0.49171180492574773 0.4947876955013747 0.5077803808948008 0.5055331067847418 
0.46100419759750366 0.1956380307674408 -0.028746332973241806 0.4980368687092236 0.5018244779713004 0.5154956181916712 0.48414433626794623 
0.46155110001564026 0.19705404341220856 -0.03183189034461975 0.4952630616808789 0.4978107056896375 0.511429665255291 0.49531676585002476 
0.4600354731082916 0.19700053334236145 -0.04871015250682831 0.4931271490868514 0.49681183938088386 0.5100466485723187 0.4998560066305123 
0.45837005972862244 0.19217002391815186 -0.038560424000024796 0.5124590950536452 0.5170211165625714 0.5309787284956097 0.43374696634141063 
0.46047893166542053 0.19570957124233246 -0.0184613224118948 0.5016610903464677 0.5057389927115944 0.5204157288055704 0.47088394631291297 
0.4604524075984955 0.1952938586473465 -0.020429637283086777 0.5071358789715575 0.5111166879856154 0.524420036469563 0.4544849358027428 
0.4611465334892273 0.1978113204240799 -0.02191285230219364 0.49929650449193574 0.5031936657804194 0.5165010277919188 0.48033927968727463 
0.46331024169921875 0.20152297616004944 0.0031160342041403055 0.49533106088553946 0.4997374230370192 0.5123869109631554 0.4923101680972686 
0.4659295380115509 0.19368389248847961 -0.024725137278437614 0.3368814907898244 0.5385991153160801 0.5518627232607609 0.5402493765097544 
0.4560759961605072 0.18843993544578552 -0.050309918820858 0.46096260594461486 0.5730199709229516 0.5824585004889854 0.34627111351126566 
0.45604053139686584 0.19276003539562225 -0.04955476522445679 0.47768208033633275 0.5360406419302265 0.5474743299370577 0.4298280102372969 
0.4579581320285797 0.19550248980522156 -0.043953534215688705 0.4846007474476715 0.5177239788889991 0.5283237745846233 0.46690254493326305 
