0.5007966756820679 -0.6008230447769165 -0.027464333921670914 0.39902165902680703 0.5426468652257727 0.5529520902050566 0.49046924595329705 
0.5255521535873413 -0.5762491226196289 -0.05248164385557175 0.28812646631314814 -0.289100588272623 0.8663755417100363 0.2877453909221882 
0.5503352284431458 -0.5510304570198059 -0.0774170458316803 0.4080419256299066 -0.40839147481858995 0.7075432405384752 0.4075546012401876 
0.5584276914596558 -0.5063887238502502 -0.08449964225292206 0.45811420051954344 -0.4581218953637424 0.6090608172489348 0.4574938569672073 
0.5638854503631592 -0.46129700541496277 -0.0885072872042656 0.4801130610233797 -0.4796325269630214 0.5613268309236922 0.4736626189588869 
0.57234126329422 -0.4210236072540283 -0.09569894522428513 0.4902097826540029 -0.48993952248334244 0.537294346333184 0.48059173806621597 
0.5876345634460449 -0.3876013457775116 -0.10096009820699692 0.5272863732206895 -0.3787664692523565 0.5582177568581207 0.5166216974868201 
0.6042426228523254 -0.35591554641723633 -0.09513892233371735 0.5207158968890016 -0.415098369164696 0.5424262550848546 0.5121738537240188 
0.5597862005233765 -0.3386889696121216 -0.08561819046735764 0.5740151142766946 0.04824713849481001 0.5896080533884202 0.5661635855373373 
0.5820925235748291 -0.3163476288318634 -0.09938204288482666 0.5506474897456105 0.28193526123298623 0.5668635718695171 0.5440271513423557 
0.6000050902366638 -0.29612502455711365 -0.11324821412563324 0.5281625100596915 0.39414268156147697 0.5390558978689003 0.5245137257610407 
0.6101014614105225 -0.276078462600708 -0.12737803161144257 0.5137870981339326 0.4481860911611853 0.5221243904263883 0.5123847835393269 
0.5853736400604248 -0.2524138391017914 -0.13186973333358765 0.505459384523288 0.47524346505981174 0.5132872727140863 0.50516396861318 
0.5608437061309814 -0.2285865843296051 -0.13559365272521973 0.5021233708415387 0.48800614664044467 0.5074310610830189 0.5022308627952259 
0.568349301815033 -0.20397190749645233 -0.1110825166106224 0.5004483038213434 0.49437748707033186 0.50437758110393 0.5007450959920753 
0.5433034896850586 -0.1793776899576187 -0.10293010622262955 0.5002006107726029 0.49706510422369554 0.5021935327864933 0.5005270090347005 
0.5682584047317505 -0.154754638671875 -0.11051090806722641 0.5000695783314067 0.4984103099111025 0.5010751447755539 0.5004410845343593 
0.5487894415855408 -0.13011711835861206 -0.11123411357402802 0.4999938378422084 0.49910098569816785 0.5004877556380384 0.5004162014277077 
0.5238435864448547 -0.10546160489320755 -0.08673247694969177 0.4999586714274902 0.49944815237012713 0.5002058801618563 0.5003867977974918 
0.49891000986099243 -0.08080818504095078 -0.06223825365304947 0.4999541610111957 0.4996197333853204 0.5000818145742034 0.5003440192824784 
0.49478134512901306 -0.05723179504275322 -0.038697171956300735 0.4999520018166307 0.49971032481759514 0.5000141492547062 0.5003233331510033 
0.4882659912109375 -0.03862980753183365 -0.018358321860432625 0.4999038846358499 0.49952791335967395 0.5000263388684478 0.5005413372922691 
0.4858604967594147 -0.0187490526586771 -0.014464509673416615 0.49944773030265266 0.4984721305915702 0.5004671089834981 0.5016075882048925 
0.48608431220054626 0.0003083893680013716 -0.009359460324048996 0.4990276540637321 0.4986251668614973 0.5008487468077915 0.5014926482741866 
0.48606863617897034 0.018803918734192848 -0.03305111452937126 0.4986918475250506 0.4986006229051686 0.5011799520011259 0.5015202047403264 
0.48598712682724 0.03666689246892929 -0.04042761027812958 0.49798160138600606 0.4990473645873816 0.5018355098663655 0.5011259059523694 
0.4855552911758423 0.05196234956383705 -0.04283730313181877 0.4978845945570034 0.4987588854172335 0.5019440402374655 0.5014007231648722 
0.4848943054676056 0.06200994923710823 -0.04031182825565338 0.49749889065725555 0.4982146118102189 0.502325649937967 0.5019422235556519 
0.4874752461910248 0.0773327648639679 -0.017740150913596153 0.4968227660124613 0.4969939842922957 0.5029972026528864 0.5031480228246632 
0.4850970506668091 0.09162954241037369 -0.020176850259304047 0.497282137956184 0.4968774871317802 0.5025862990457581 0.5032198824200236 
0.483506977558136 0.10388309508562088 -0.01842295564711094 0.49693332717596045 0.4971288107174038 0.502911333373255 0.5029914558531432 
0.4801058769226074 0.11740368604660034 -0.03220438212156296 0.4964858878372902 0.4969762063562083 0.503348329209905 0.503146969558405 
0.4782119691371918 0.13018737733364105 -0.01667194999754429 0.49612365712906464 0.4973223385427077 0.5036828484148234 0.5028274024315152 
0.4759959280490875 0.14082247018814087 -0.016343744471669197 0.4962423983341336 0.4969656170749913 0.5035963543497657 0.5031494503887345 
0.5033282041549683 0.14877884089946747 -0.014109411276876926 0.4830829186745786 0.5008538090010386 0.5082138732676078 0.5074396660809419 
0.4861297905445099 0.15563052892684937 0.0038661847356706858 0.488862721388592 0.4987057194218739 0.5066865428201696 0.5055438580156975 
0.4747506082057953 0.1557752788066864 -0.018639424815773964 0.5125902053803905 0.5184240717760563 0.527553440479493 0.43609073664717246 
0.47129613161087036 0.161421000957489 -0.01458629872649908 0.5027763873579092 0.5068375947827657 0.5176413803535999 0.47157073507138964 
0.4747084379196167 0.16630493104457855 -0.004390862304717302 0.49815566830627955 0.5015604770370269 0.5119627104164286 0.4880288937673449 
0.4728100597858429 0.17158101499080658 0.007135890889912844 0.4959366293540961 0.4984560413030989 0.5089888697695788 0.4965065608871931 
0.47050005197525024 0.17405742406845093 -0.01328835915774107 0.4949846645682177 0.49672879790500785 0.5073542738804802 0.500841615632473 
0.4693429172039032 0.1755959689617157 -0.016970854252576828 0.4935430652968425 0.49610031402206556 0.5074612536050217 0.5027750960561039 
0.4675848186016083 0.17567382752895355 -0.035466268658638 0.4928544108457669 0.4954771794627479 0.5075069751736863 0.504017424789627 
0.4668121933937073 0.17560230195522308 -0.03863042593002319 0.49192256830282066 0.49538508851326774 0.5080972363009219 0.5044234325806287 
0.4671328365802765 0.17626641690731049 -0.030450385063886642 0.4915785482165826 0.4951507483596168 0.5082952197468835 0.5047892995247186 
0.46546313166618347 0.17565906047821045 -0.0490378700196743 0.49174676658572997 0.4948556714964874 0.5080752101088575 0.5051361824429929 
0.46713554859161377 0.17717719078063965 -0.02284405194222927 0.4913821369588698 0.4949097633393479 0.5083729491600929 0.505138462395604 
0.4663660526275635 0.1766674816608429 -0.040865201503038406 0.4921312499278015 0.49444322455378564 0.5076704941848316 0.5055723488003308 
0.4671655595302582 0.17645923793315887 -0.015701469033956528 0.49853118046886935 0.5020172835690763 0.5157077827690861 0.4832088491425156 
0.4658135771751404 0.17867769300937653 -0.03445412963628769 0.49560130053529233 0.49777794221589666 0.5114288008600423 0.49501217439765405 
0.46850112080574036 0.18001322448253632 -0.032477136701345444 0.49352301246939095 0.49686387139805216 0.5097913049002923 0.4996740486662626 
0.4645748734474182 0.1805569976568222 -0.05078691989183426 0.49268715437004784 0.49598883723112835 0.5088238762746436 0.5023471948699467 
0.462817519903183 0.18174070119857788 -0.0511276051402092 0.49192518554702264 0.4956818265579648 0.5086449158266677 0.5035766954976862 
0.4623330533504486 0.18349440395832062 -0.04704521596431732 0.4920019164010396 0.49517739748966577 0.5081428993471561 0.5045039673938473 
0.46439075469970703 0.18630091845989227 -0.021347103640437126 0.4923584255476814 0.4947441200921457 0.5075861238396916 0.5051413300373019 
0.4639577567577362 0.1871340572834015 -0.034681856632232666 0.4928262840832059 0.4944256780954072 0.5070920585321625 0.505492973967245 
0.46516653895378113 0.18953239917755127 -0.01251574233174324 0.49197516554620546 0.49489478142803817 0.5078457751525055 0.5051061873119639 
0.464447557926178 0.19056099653244019 -0.024767275899648666 0.49245362970849704 0.49456789588873684 0.5073714942441553 0.5054366288384402 
0.4635227620601654 0.19093777239322662 -0.03295854106545448 0.49191540641472986 0.49487449653070253 0.507855364566289 0.5051746176289507 
0.4636705815792084 0.19197459518909454 -0.025207553058862686 0.4915015260803104 0.4950048182814859 0.5082454407945637 0.5050574736110522 
0.4654979407787323 0.19609302282333374 -0.0009885168401524425 0.4769286914919515 0.49946873862020563 0.512851426160046 0.5099543284045375 
0.46426671743392944 0.19669227302074432 -0.02028679847717285 0.48530208420271614 0.49690107776147924 0.5095043926525348 0.5079138508209359 
0.46368956565856934 0.19734834134578705 -0.018958473578095436 0.48814961692563874 0.496091901790092 0.5090772872353916 0.5064021051444163 
0.46433353424072266 0.19912734627723694 -0.004506545607000589 0.48755913146153596 0.4961213089911649 0.5093642019883416 0.5066535797032778 
0.4633173644542694 0.1999676674604416 -0.022753354161977768 0.49006118229886647 0.49516441092212343 0.5082864775911599 0.5062579386616618 
0.4630948305130005 0.20145125687122345 -0.018545957282185555 0.49047129827875235 0.4953292368620018 0.5085486770827734 0.5054355505025574 
0.4616781771183014 0.20141926407814026 -0.03548922762274742 0.491052994174609 0.49517733737775904 0.508339995309262 0.5052294633417612 
0.4527277946472168 0.19060902297496796 -0.028836151584982872 0.5589198303055025 0.5641415265698954 0.5795120453454379 0.18308126772065905 
0.45085519552230835 0.19109830260276794 -0.025611979886889458 0.5304060176970231 0.5378462819041873 0.5528611013274847 0.35176048111120645 
0.4541721045970917 0.19418206810951233 -0.0379268117249012 0.5119994116484389 0.5193727374310554 0.5323701842819771 0.42975638328313215 
0.4594455659389496 0.20414556562900543 -0.016839856281876564 0.4421990581835358 0.5278456125580981 0.5400657018385605 0.4839091236403621 
0.4632628560066223 0.1870187222957611 -0.019703321158885956 0.4686308186150651 0.512496295705621 0.5228124696626706 0.49436810606815024 
0.4636179208755493 0.18886145949363708 -0.03109888546168804 0.4807646928942933 0.5049666395690305 0.5148155377712461 0.49883761391651227 
0.4617776572704315 0.18906043469905853 -0.049650464206933975 0.48595442564869235 0.5004462826070477 0.5116048980996971 0.5016594887547083 
0.47231003642082214 0.18861906230449677 -0.021000772714614868 0.488412193631909 0.4979396871762592 0.5101463268798789 0.5032497612691371 
0.4668666422367096 0.19257737696170807 -0.041566140949726105 0.4399545104699893 0.5111436987159347 0.524462204641306 0.5197225643387895 
0.46296074986457825 0.19125035405158997 -0.058806367218494415 0.46627278674352907 0.5038786805042291 0.5161075822313416 0.5121805611686755 
0.4612857401371002 0.19124984741210938 -0.053504448384046555 0.47816382950757463 0.4997028882936151 0.5128424284276537 0.5085754803233213 
0.4604584872722626 0.19130997359752655 -0.05126619338989258 0.4848463452042011 0.4971057727677893 0.5104979810454743 0.5071505531610533 
0.4624354839324951 0.1933182328939438 -0.025938894599676132 0.48819656487068097 0.4957771849776016 0.5093242420511033 0.5064167388260593 
0.4627787172794342 0.19378535449504852 -0.02912142127752304 0.49066001166285994 0.49479622571605886 0.5079997826162302 0.506325654923793 
0.46293243765830994 0.19431708753108978 -0.0271777156740427 0.4909575704576327 0.4948649205180411 0.5082425390960256 0.5057261075960353 
0.46437180042266846 0.19628985226154327 -0.00484157120808959 0.49120644685306686 0.4948137376425493 0.5082706969145516 0.5055061723344153 
0.46330955624580383 0.20134255290031433 -0.02739313431084156 0.4444116235721037 0.513016569240197 0.5267166372379991 0.5117439717043271 
0.4653981924057007 0.2016320675611496 -0.016286373138427734 0.46865731573407754 0.5047077165197595 0.5169973921889813 0.5082756513587207 
0.45319148898124695 0.22246241569519043 -0.029055343940854073 0.17006495499124727 0.5613626537315977 0.5758203020642475 0.5695444335693943 
0.4528816342353821 0.23015286028385162 -0.05135195329785347 0.2738664017721043 0.5499974158855665 0.5595586741640911 0.5562320798617464 
0.45755529403686523 0.21230044960975647 -0.04637812450528145 0.38485031927624946 0.5272856297705971 0.5376897560978954 0.5336195485341403 
0.4600938856601715 0.21201588213443756 -0.026739805936813354 0.43821370668285975 0.5123918221359438 0.5242137259154406 0.5202147032190912 
0.4612891674041748 0.1966399997472763 -0.04325849190354347 0.4645665635721753 0.503734252661001 0.5167454066145828 0.5132288918694392 
0.46113765239715576 0.2035505771636963 -0.052904028445482254 0.3988122430437083 0.5221083300883526 0.5353017962042984 0.5308518375509778 
0.46204665303230286 0.20304930210113525 -0.03442271053791046 0.4463087215778505 0.5099801624987016 0.5217852545056508 0.5181398528214328 
0.46180933713912964 0.20873026549816132 -0.03205512836575508 0.4142525711722351 0.5177013676626177 0.5310703760312433 0.5275835070389157 
0.4609180688858032 0.2201760858297348 -0.02663153037428856 0.3338248283615565 0.5366209289705564 0.5494957535965308 0.5464918840564198 
0.45986393094062805 0.22617410123348236 -0.02612260915338993 0.34093460048402774 0.5357764498625542 0.547098389670893 0.5453352601702828 
0.4586414098739624 0.22407716512680054 -0.033170416951179504 0.4178090449491917 0.5175462642671852 0.5289416801708335 0.5270694122027773 
0.4579392969608307 0.22073955833911896 -0.03630175068974495 0.459534082888245 0.5131591732435193 0.5263846564964881 0.49841276366598164 
0.4585829973220825 0.21938464045524597 -0.026357920840382576 0.4743453724707742 0.5041404763601635 0.5183841993929102 0.5021122081075918 
0.45777055621147156 0.21692496538162231 -0.03968305513262749 0.48213818760935945 0.49968236461015086 0.5140192406821428 0.5036313361526703 
0.4590062201023102 0.21614380180835724 -0.023886559531092644 0.4858218970293923 0.49745247644192464 0.5120273494778139 0.5043273851728495 
